1 0 0 0
2 10 0 0
3 10 10 0
4 0 10 0
5 0 5.005 0
6 3 5.005 0
7 3.005 5 0
8 3 4.995 0
9 0 4.995 0
10 3 5 0
11 3.6 5 0
12 3.4 5.4 0
13 3.4 4.6 0
14 3 5.4 0
15 3 4.6 0
16 0.9999999999991893 0 0
17 1.999999999996827 0 0
18 2.99999999999391 0 0
19 3.999999999991027 0 0
20 4.999999999992411 0 0
21 5.999999999993932 0 0
22 6.999999999995455 0 0
23 7.999999999996978 0 0
24 8.99999999999849 0 0
25 10 0.9999999999991893 0
26 10 1.999999999996827 0
27 10 2.99999999999391 0
28 10 3.999999999991027 0
29 10 4.999999999992411 0
30 10 5.999999999993932 0
31 10 6.999999999995455 0
32 10 7.999999999996978 0
33 10 8.99999999999849 0
34 8.999999999999998 10 0
35 7.999999999999996 10 0
36 6.999999999999994 10 0
37 5.999999999999991 10 0
38 4.999999999999989 10 0
39 3.999999999999988 10 0
40 2.999999999999985 10 0
41 1.999999999999982 10 0
42 0.9999999999999911 10 0
43 0 9.150148738328067 0
44 0 8.415972628761274 0
45 0 7.78172676005059 0
46 0 7.233809751627609 0
47 0 6.760470988503794 0
48 0 6.351559446184343 0
49 0 5.998305783283146 0
50 0 5.693134348256566 0
51 0 5.429500489761861 0
52 0 5.201750468867801 0
53 0.1999999999991203 5.005 0
54 0.3999999999983593 5.005 0
55 0.5999999999974546 5.005 0
56 0.799999999996742 5.005 0
57 0.9999999999960294 5.005 0
58 1.199999999995317 5.005 0
59 1.399999999994604 5.005 0
60 1.599999999994632 5.005 0
61 1.799999999995399 5.005 0
62 1.999999999996166 5.005 0
63 2.199999999996932 5.005 0
64 2.3999999999977 5.005 0
65 2.599999999998466 5.005 0
66 2.799999999999233 5.005 0
67 3.003535534474591 5.003535533337274 0
68 3.003535534474591 4.996464466662726 0
69 2.800000000002174 4.995 0
70 2.600000000002023 4.995 0
71 2.400000000003 4.995 0
72 2.200000000002438 4.995 0
73 2.000000000001934 4.995 0
74 1.800000000002824 4.995 0
75 1.600000000003743 4.995 0
76 1.400000000003922 4.995 0
77 1.200000000003361 4.995 0
78 1.000000000002801 4.995 0
79 0.8000000000022411 4.995 0
80 0.600000000001681 4.995 0
81 0.4000000000011208 4.995 0
82 0.2000000000005602 4.995 0
83 0 4.798249531132858 0
84 0 4.570499510239602 0
85 0 4.306865651745822 0
86 0 4.001694216720795 0
87 0 3.64844055382165 0
88 0 3.239529011504649 0
89 0 2.766190248384018 0
90 0 2.218273239961904 0
91 0 1.584027371248004 0
92 0 0.8498512616770899 0
93 1.903499694826496 5.169224175427631 0
94 1.921808412929355 4.817070687045267 0
95 0.4305835064373605 7.448324152420385 0
96 0.4232177083442902 2.523826023940368 0
97 1.289568147231352 5.181775985199216 0
98 1.305339939429376 4.817655530651181 0
99 9.211052655033448 3.503654644039939 0
100 9.099593584201436 6.558940411314299 0
101 5.486090401948289 9.285381478625439 0
102 5.649013787429213 0.8958303109215855 0
103 0.2784796293821208 3.828173792055067 0
104 0.2963656992557693 6.1755979158026 0
105 3.397998328859505 0.7798033893982896 0
106 3.404626348889931 9.149943251071203 0
107 0.6983572656902083 5.200805683815919 0
108 0.6980441039802788 4.846769843365618 0
109 2.332016197725209 4.825528618084326 0
110 2.303401976686883 5.188527533283967 0
111 7.499999999999994 9.133974596215559 0
112 7.499999999996216 0.8660254037857528 0
113 0.2372567732814405 4.433896599793427 0
114 0.2064532771945311 5.560881141168325 0
115 1.399169373742416 0.8416706410078791 0
116 1.549976956359922 9.164900788509053 0
117 2.692614441305349 4.808796554592838 0
118 2.699999999998849 5.166948178478263 0
119 9.24185658368717 1.516073912183605 0
120 9.067734268632405 8.493351170808319 0
121 0.3100178983421727 5.184948667804823 0
122 0.3000000000008405 4.821794919242627 0
123 2.907590325264288 4.863181616850939 0
124 2.869375681262875 5.164440184458704 0
125 0.5325690211663485 8.660356857605496 0
126 0.6050459141709311 1.252270133932388 0
127 2.52567322812396 9.195973633008233 0
128 3.002879815329095 8.416492934028497 0
129 3.731702237002922 8.386087178517805 0
130 3.407957882564606 7.799105224502545 0
131 4.033256495433497 7.76363244367071 0
132 3.71759749139606 7.265195029120723 0
133 4.272088771515162 7.225140592548887 0
134 3.121768839748059 7.238434327041132 0
135 3.955072364960576 6.789107554543211 0
136 4.433069964948641 6.689405094761765 0
137 4.804861431623101 7.169704694854911 0
138 5.007274056557323 6.668748043783843 0
139 4.704775037131847 6.254439184896412 0
140 5.21635620237289 6.195300372299872 0
141 4.918446018494785 5.828152678530762 0
142 5.414829316800566 5.725308898746456 0
143 5.092710238395222 5.323464160873477 0
144 5.619075855166611 5.246182545247086 0
145 5.300643903590442 4.853616970886947 0
146 5.84117087872884 4.744163404798132 0
147 5.738359693319904 6.158447312423622 0
148 5.405759352347729 4.317133933992884 0
149 6.08164584225408 4.200698074550924 0
150 6.46476035509014 4.676517170769547 0
151 5.375013223929639 7.114810898277161 0
152 5.692900632846866 3.714393459362448 0
153 5.079794888621356 3.795386571009793 0
154 6.385052951750084 3.592856538700551 0
155 5.294593056801002 3.257354586364038 0
156 4.72886991758986 3.361515951012351 0
157 4.57201609178062 3.856292443091773 0
158 4.186530499168237 3.516330178310727 0
159 4.366697262498398 2.952870913594722 0
160 3.843500986315001 3.089114663619193 0
161 4.81387416336465 4.92328334783557 0
162 4.494850815955475 5.918161581135035 0
163 3.674748731242602 3.55750486399995 0
164 3.353986246279778 3.208344347154319 0
165 3.264692916826244 3.659005226341917 0
166 2.909112644493815 3.404855677341925 0
167 3.022111037453455 2.875789908988956 0
168 2.567883960583149 3.02852589296656 0
169 2.453137354361587 3.471112596614422 0
170 2.132126247657926 3.169457341377314 0
171 2.03629304684292 3.604556926454248 0
172 1.727721436133302 3.311526184761332 0
173 1.760521417927912 2.813660743812644 0
174 1.641850829919718 3.713886981227297 0
175 1.347457514285642 3.445702465939027 0
176 1.289247058124178 3.821167744629761 0
177 2.606288061630445 2.551125076026072 0
178 2.364294313352534 3.859836512726301 0
179 1.525466464467659 4.069536944157425 0
180 1.224333598268319 4.163319858766775 0
181 3.987016647698202 2.532334452219204 0
182 4.583010662479972 2.385009428653516 0
183 0.9986549034185694 3.57267074304013 0
184 3.526343122405895 3.952760375403979 0
185 3.188485779618253 4.024107380171811 0
186 1.058549616945466 3.179426830184144 0
187 5.169940258063863 7.654578416120228 0
188 5.777378511855627 7.614715837201986 0
189 1.462073830759307 4.362782292759349 0
190 1.738116165707146 4.300235781517847 0
191 1.167784362513618 4.473764491490314 0
192 0.9541775578505011 4.271849243471214 0
193 4.162082784795457 1.939185537000071 0
194 0.6793899175171394 3.325046443404324 0
195 6.018369623190063 6.966463928356554 0
196 6.457276636940489 7.528314751627175 0
197 6.71278942271208 6.87011360632838 0
198 7.182922808315734 7.444512802323512 0
199 7.458439771148537 6.746320932954824 0
200 6.994339868049658 6.172464644956586 0
201 7.722834866053089 6.034971933173737 0
202 7.925898893250471 7.345042008899455 0
203 3.509178633729364 2.075882989967633 0
204 4.429397808278667 8.393786995676633 0
205 7.243817745860772 5.495304434223314 0
206 7.977073000372268 5.318057041319389 0
207 7.468152593861194 4.731055473793614 0
208 8.25837981039399 4.584008455155493 0
209 7.672768785460566 3.987523061015654 0
210 6.268844689398731 8.291998600840603 0
211 6.553303895627534 5.64280352798502 0
212 2.701746186313603 3.79860607204608 0
213 2.597223092165082 4.117826389579927 0
214 2.302439410818504 4.19309189202 0
215 2.526069209275231 4.394421522191728 0
216 2.252462728551575 4.487391762640119 0
217 2.069969471459442 3.960786078412572 0
218 4.799802899209288 1.796370691733642 0
219 5.189536823760704 2.321005835216622 0
220 1.666707537234672 4.573382036518206 0
221 3.911795248546034 3.890446939482322 0
222 3.720889019212677 4.201734867276429 0
223 2.806601984609994 4.341625588068844 0
224 0.9067482273690063 4.552411849583521 0
225 0.696815675010741 4.378606185174032 0
226 0.7322899279900077 4.104009422295593 0
227 2.196556248164848 8.444504824440655 0
228 1.492708290564901 8.318651643496885 0
229 1.842694915295573 7.800216643429838 0
230 1.296205856256254 7.675050373200909 0
231 1.627579347065144 7.265696276490042 0
232 1.167338414929623 7.160772069791687 0
233 1.458126592533593 6.787427697575144 0
234 1.918418600035948 6.872392110252928 0
235 1.754000681097774 6.45519932977036 0
236 2.159265170025329 6.508992186959128 0
237 2.017840964955297 6.096280883994893 0
238 2.384807047869034 6.190685317226764 0
239 1.62957073376442 6.073314611396282 0
240 2.279645714564615 5.869050507014802 0
241 2.589521782650082 5.926740725087503 0
242 2.71076530516903 6.226136961065905 0
243 2.906500877588311 5.962131502286583 0
244 3.034773962755238 6.24941247667379 0
245 3.220767249572396 5.989851497015289 0
246 1.038274474835571 6.761333881263994 0
247 2.485672699778705 5.654829649862846 0
248 2.193680949235737 5.577341159377926 0
249 3.363756586550599 6.282987150326524 0
250 3.540481000590925 6.004970416325873 0
251 2.850838105517451 6.534646554805079 0
252 2.347082510300661 6.899453375332243 0
253 8.844933039615325 5.163621888819762 0
254 4.838510662762019 4.246413317920372 0
255 4.403610879140794 4.252409422788155 0
256 3.071112629648161 5.706852217470238 0
257 3.367760631450068 5.757926120724865 0
258 3.666702089725846 5.703696529090887 0
259 3.907615786843112 6.050666313788339 0
260 0.4710217546295049 4.219351984832464 0
261 3.407486771198949 4.227921047764163 0
262 3.993863811640065 5.68462672376471 0
263 3.798709651150992 5.426770258537633 0
264 4.120748143434409 5.38819869391963 0
265 3.936363030760137 5.143838288461454 0
266 4.245926248393115 5.100225111999736 0
267 4.058204599553146 4.864637172483911 0
268 4.446734732260216 5.350134090951263 0
269 2.760267677146237 5.701873626210724 0
270 3.453530593679072 6.767066550471549 0
271 2.651804769408125 5.483800602091035 0
272 1.290924930146846 6.365279602119226 0
273 1.284123259272951 5.976550845582045 0
274 1.533374492709493 5.752267095509688 0
275 1.241757387425211 5.626130951179828 0
276 0.9900885317338864 5.861779651492173 0
277 0.9488729337249233 5.573580816909564 0
278 0.7227998492084519 5.756563689925057 0
279 0.7884610981270064 6.071786542135124 0
280 1.823201946163517 5.797742618822875 0
281 1.736162073428306 5.527699082800269 0
282 1.498159033949984 5.450432185835608 0
283 4.282927997915428 6.21426835115486 0
284 4.240720352895495 0.8035887879585089 0
285 0.7085710986589506 5.469217509409619 0
286 6.443520082361879 9.166583291867736 0
287 1.938035176236017 4.481150753432567 0
288 2.432463116166865 0.7902050347494495 0
289 1.979067271254563 1.618746564505552 0
290 2.950387321000863 1.5915050285016 0
291 2.854130606076972 7.778666593211394 0
292 3.097530334507925 4.326041534135696 0
293 0.3769861651074399 6.979654469846321 0
294 3.703620771885189 6.390804510074585 0
295 1.651826381701067 5.299410847350222 0
296 0.3202947091317144 6.558581374776249 0
297 2.420340748220914 5.392693127382467 0
298 6.526544955153028 0.8442621950312079 0
299 6.946009957778177 1.665311203355456 0
300 6.141235743080824 1.666127480147428 0
301 6.560510246674937 2.263167072445274 0
302 7.277226289377169 2.568825261717064 0
303 7.822706827339106 1.756913190283566 0
304 8.189526740029592 2.566854839223732 0
305 7.578153103199028 8.188280065177583 0
306 4.665252958380755 9.214335763035628 0
307 0.5213152339151149 1.925892839115603 0
308 0.9269759379697458 2.291361618542662 0
309 0.4665015679497335 7.976223566353597 0
310 1.136434533245432 5.371881892934191 0
311 0.2501831011730913 5.835771158524779 0
312 9.107021054563536 2.538500891629747 0
313 2.744702084129108 4.565208507451506 0
314 2.482170071392582 4.653271424233812 0
315 9.20217068390286 7.535685109476489 0
316 0.9153726385519287 5.323076982500674 0
317 0.5026015269533612 5.343391825278621 0
318 0.7671768441358666 2.870700522143698 0
319 1.222223601250993 2.702946550525221 0
320 1.492074633161328 2.232595910260005 0
321 2.071168194931211 2.330548801471913 0
322 1.153941394035683 1.693756284560681 0
323 6.987986710644521 4.128300115304087 0
324 7.108896962543768 3.422407068444547 0
325 0.3251861636547604 3.473554742795595 0
326 0.4644995168834196 5.614961128569874 0
327 9.13331277165474 4.353437100550774 0
328 4.392392849953019 4.815524938923256 0
329 0.6433600772501058 3.730447658616787 0
330 2.499999999998081 5.178205080757549 0
331 1.383650944990739 4.617272804087388 0
332 2.143323015686411 4.816750240165725 0
333 2.101753156420807 5.181042259845513 0
334 2.011364681552686 5.363497588783792 0
335 1.720530009871555 4.808830515502258 0
336 2.125699456089274 7.32608210673044 0
337 0.5000000000014008 4.821794919242627 0
338 0.3949576913346516 4.631883549684402 0
339 1.100889989907415 4.828871988618888 0
340 1.073562553169407 5.171917628635427 0
341 3.55138719853387 4.438383044137722 0
342 3.620213079435249 4.655613666906501 0
343 3.424119176822985 4.794995941124316 0
344 3.271819727941975 4.753866361040396 0
345 3.339019376979275 4.937964415589789 0
346 3.177141431934734 4.87509635998059 0
347 3.023963335629325 4.831154846514531 0
348 3.1659289138529 4.555428340839273 0
349 1.512704738589001 4.801190147793172 0
350 8.223517452548371 6.619348384579212 0
351 0.8851289773082989 4.786833855409826 0
352 5.864789490638794 3.140025780132366 0
353 8.486761274657461 0.9795925426126275 0
354 8.493563607785719 9.244432269109399 0
355 0.3658284389420093 3.033141165362109 0
356 6.355341472062855 6.338373581185263 0
357 0.9970935559513144 3.958983653517058 0
358 5.512071240149372 8.179567248588443 0
359 3.70532202215476 5.204427225559042 0
360 0.5794448747383002 6.32040906609127 0
361 3.828335986737112 4.4631524934448 0
362 1.418796350212168 3.061063558998347 0
363 8.525656759177368 5.909705943079527 0
364 1.04142974090656 6.144963537848561 0
365 0.2418337951473231 4.14241821666169 0
366 2.207824842440409 5.364507592436724 0
367 2.807453872932479 5.329081133694162 0
368 3.081595436314432 5.248536473738129 0
369 4.614338562393024 7.72750963295104 0
370 5.970737930682081 5.714862630844005 0
371 8.412205478902152 7.88383292586671 0
372 0.1656758879301476 5.32259504799841 0
373 0.1798605166572265 4.684204139429863 0
374 2.639265605529428 7.284892409461813 0
375 3.479105409644511 2.75109931502831 0
376 6.205814687407869 5.192074098612906 0
377 4.929974688948766 2.830171392738691 0
378 2.886604677961465 4.090312216526709 0
379 3.257657188370443 5.553663650050144 0
380 6.886969677878112 8.052645344324539 0
381 1.498156660395458 5.178980836493943 0
382 2.841744446214139 4.709142095323063 0
383 2.970568848520398 4.745021071997369 0
384 3.102164710586283 4.748443919725454 0
385 3.095781760119998 4.948743099623656 0
386 5.520627102275703 6.588958853852748 0
387 0.6707276975432961 4.618165028113891 0
388 7.877637497723189 3.268631034534843 0
389 2.500495678604232 4.84457657317923 0
390 2.040074148356805 4.257060656134997 0
391 3.602785433794498 5.507965078538505 0
392 8.475618539113881 3.855370646897136 0
393 2.527777422335784 6.538590023024288 0
394 3.802232898495671 4.954105667224281 0
395 3.477954316533066 5.20038008731218 0
396 3.447044414163378 5.038431384076894 0
397 3.313929647580116 5.151277586056605 0
398 3.073415472273679 6.841666749526171 0
399 3.009029323735977 2.307452440800356 0
400 1.949381313168725 5.56904002049662 0
401 3.155262944155208 6.535155896360623 0
402 0.5169590232310064 5.96251491684145 0
403 3.772958686481061 1.43162475416093 0
404 0.4950888008693516 3.978064880751319 0
405 4.043315892931969 4.213811659714778 0
406 2.075127124027761 4.641230880519502 0
407 2.22473836734601 2.766853177542901 0
408 2.523188034510612 2.079875582261099 0
409 6.529151280555396 2.968287864795258 0
410 5.854888524777154 2.465208093865057 0
411 2.898617489234145 5.52215555688789 0
412 0.4907992107156591 4.448609324170793 0
413 1.195680126210344 4.670155612381771 0
414 2.713906395133199 6.871625742756613 0
415 0.6008430575825072 0.5887584073234713 0
416 0.7001717175177321 9.29119743509996 0
417 3.615871979196204 4.844381903959079 0
418 0.3306355167191163 5.407390246874737 0
419 0.8514997766100346 7.568790868654817 0
420 0.9012511057405101 6.40459483194789 0
421 9.285988612273719 5.763295999270767 0
422 2.354947396921248 7.777575061776426 0
423 0.8974584914808631 5.141160058990405 0
424 1.798071004702111 4.045344522379763 0
425 5.053686500588363 8.671373967011201 0
426 0.5021953381963112 5.147829235379872 0
427 4.61616573681148 4.563604000773605 0
428 5.426680939832449 1.718844669620864 0
429 1.825372357445383 5.342509345724818 0
430 4.164641668866714 4.558454603339455 0
431 3.322561607343369 4.438378934765616 0
432 3.848250035380682 4.723390917893004 0
433 0.6650519294104661 6.684789861124287 0
434 8.569574496055372 1.871587075186655 0
435 6.794139415918614 5.111224109263842 0
436 2.961411283108002 5.260425231467074 0
437 3.18454998584735 5.372756511459981 0
438 3.011577469948437 5.129648997504476 0
439 3.122388905486111 5.121766805994103 0
440 3.064523216794914 5.061371384531193 0
441 3.138371505418861 5.034177827106909 0
442 3.203921359148167 5.21071190618199 0
443 3.218276203679 5.088587788392148 0
444 3.226620726793065 4.975673329926547 0
445 3.03432948869449 5.010532228227021 0
446 3.30653852876014 5.283255047776804 0
447 3.306244806809696 5.035334031516247 0
448 2.920238287802636 5.076022295490795 0
449 3.586458083120042 5.346647443761908 0
450 4.309057811454073 5.647373276237625 0
451 3.093387856336741 5.007704546881886 0
452 3.050874702243 4.97904507411455 0
453 9.267949192430166 9.267949192429761 0
454 9.267949192432082 0.7320508075672936 0
455 2.990128441042676 3.795377314485688 0
456 0.959661473354567 8.161808589244806 0
457 4.981818012621832 4.6137584177521 0
458 8.531895084042347 3.196838361502046 0
459 1.849856733037032 4.657672962653928 0
460 4.197663244761631 5.903019249216114 0
461 3.158634460180383 4.970743626819464 0
462 0.1429484414508063 4.852526452242387 0
463 0.1438744271642007 5.149214528464312 0
464 3.087724180805691 5.511154208512949 0
465 4.928799300898599 1.12243891912683 0
466 2.272136195325802 4.674825647173903 0
467 3.027338871589178 4.931781029177462 0
468 4.725491566295893 5.253995301678334 0
469 2.052750177617578 5.781891037941423 0
470 3.091121648901259 4.870328595776249 0
471 0.754955711221749 7.100610883850248 0
472 1.703421104673116 5.13672766818356 0
473 2.611371341507911 5.307715524305417 0
474 3.270872556159429 4.85624860657212 0
475 8.572677218561058 7.188569768027233 0
476 1.325039570075015 5.355488261545198 0
477 4.658152173627855 5.572593380253021 0
478 1.884288607217542 3.823624293873228 0
479 6.970502422952047 4.64501161945452 0
480 5.423696649131857 2.791300194290291 0
481 2.958727735075622 4.442730304219092 0
482 4.377384697605686 1.399782792139478 0
483 6.942291404532193 8.617873567970651 0
484 2.602128516623041 8.104309853364242 0
485 4.046195870510452 9.028830637660255 0
486 4.015635509907108 6.443995466566506 0
487 4.524883912053379 5.088632558277632 0
488 5.80621417035097 8.699712444433784 0
489 3.439630569663148 5.569987306630019 0
490 4.223453722313531 3.945858128677551 0
491 8.168878341800788 8.580224548178656 0
492 3.485210989432368 4.923154728950016 0
493 1.051246336661736 4.662407559496865 0
494 5.922360900741984 6.517833048051099 0
495 4.965976540286104 8.141453735056629 0
496 1.047017491792694 8.719383062791241 0