210 2 2 0 1 386 388 935
211 2 2 0 1 552 32 669
212 2 2 0 1 507 509 1116
213 2 2 0 1 481 836 873
214 2 2 0 1 580 578 824
215 2 2 0 1 370 368 511
216 2 2 0 1 607 470 1010
217 2 2 0 1 893 577 1104
218 2 2 0 1 514 512 564
219 2 2 0 1 387 391 533
220 2 2 0 1 439 432 461
221 2 2 0 1 479 494 518
222 2 2 0 1 32 552 676
223 2 2 0 1 505 506 507
224 2 2 0 1 578 209 824
225 2 2 0 1 598 930 1068
226 2 2 0 1 207 626 890
227 2 2 0 1 366 639 945
228 2 2 0 1 565 564 566
229 2 2 0 1 665 926 975
230 2 2 0 1 519 661 662
231 2 2 0 1 221 226 640
232 2 2 0 1 971 305 981
233 2 2 0 1 428 694 1021
234 2 2 0 1 532 738 1049
235 2 2 0 1 979 571 1058
236 2 2 0 1 400 504 1079
237 2 2 0 1 563 726 900
238 2 2 0 1 452 450 1017
239 2 2 0 1 661 519 812
240 2 2 0 1 337 1010 1026
241 2 2 0 1 589 207 890
242 2 2 0 1 504 434 505
243 2 2 0 1 878 758 997
244 2 2 0 1 690 692 754
245 2 2 0 1 404 733 899
246 2 2 0 1 503 659 944
247 2 2 0 1 410 432 439
248 2 2 0 1 664 665 975
249 2 2 0 1 394 392 428
250 2 2 0 1 998 343 1073
251 2 2 0 1 355 354 1088
252 2 2 0 1 476 439 1155
253 2 2 0 1 384 385 386
254 2 2 0 1 345 540 1032
255 2 2 0 1 420 418 479
256 2 2 0 1 666 664 975
257 2 2 0 1 283 245 931
258 2 2 0 1 601 356 1097
259 2 2 0 1 410 408 432
260 2 2 0 1 785 499 941
261 2 2 0 1 251 670 999
262 2 2 0 1 532 1049 1141
263 2 2 0 1 416 414 441
264 2 2 0 1 447 444 658
265 2 2 0 1 245 331 931
266 2 2 0 1 804 803 929
267 2 2 0 1 361 360 1018
268 2 2 0 1 850 958 981
269 2 2 0 1 439 461 1155
270 2 2 0 1 592 495 654
271 2 2 0 1 758 269 877
272 2 2 0 1 557 555 823
273 2 2 0 1 861 950 1017
274 2 2 0 1 701 585 876
275 2 2 0 1 604 603 820
276 2 2 0 1 267 383 1094
277 2 2 0 1 392 386 935
278 2 2 0 1 479 645 1120
279 2 2 0 1 519 662 821
280 2 2 0 1 479 418 494
281 2 2 0 1 567 722 894
282 2 2 0 1 365 364 1027
283 2 2 0 1 597 258 1035
284 2 2 0 1 479 518 521
285 2 2 0 1 251 247 670
286 2 2 0 1 345 318 540
287 2 2 0 1 724 690 754
288 2 2 0 1 429 724 784
289 2 2 0 1 514 564 565
290 2 2 0 1 424 422 474
291 2 2 0 1 267 271 328
292 2 2 0 1 581 637 1127
293 2 2 0 1 489 475 555
294 2 2 0 1 276 838 1104
295 2 2 0 1 607 296 660
296 2 2 0 1 594 652 742
297 2 2 0 1 533 391 1151
298 2 2 0 1 828 831 836
299 2 2 0 1 219 218 220
300 2 2 0 1 564 512 954
301 2 2 0 1 523 746 749
302 2 2 0 1 456 454 480
303 2 2 0 1 586 438 681
304 2 2 0 1 480 454 1162
305 2 2 0 1 521 518 642
306 2 2 0 1 217 216 218
307 2 2 0 1 543 729 752
308 2 2 0 1 221 220 222
309 2 2 0 1 843 846 1101
310 2 2 0 1 505 507 510
311 2 2 0 1 398 396 434
312 2 2 0 1 45 1 1069
313 2 2 0 1 470 607 660
314 2 2 0 1 777 774 818
315 2 2 0 1 546 235 1028
316 2 2 0 1 223 222 227
317 2 2 0 1 370 511 1128
318 2 2 0 1 596 1001 1160
319 2 2 0 1 505 434 506
320 2 2 0 1 603 606 820
321 2 2 0 1 770 878 997
322 2 2 0 1 239 656 793
323 2 2 0 1 300 296 607
324 2 2 0 1 217 219 602
325 2 2 0 1 258 595 1035
326 2 2 0 1 694 428 935
327 2 2 0 1 1033 465 1043
328 2 2 0 1 275 279 336
329 2 2 0 1 529 427 862
330 2 2 0 1 429 723 724
331 2 2 0 1 394 428 1193
332 2 2 0 1 566 577 893
333 2 2 0 1 629 628 1156
334 2 2 0 1 344 318 345
335 2 2 0 1 683 581 1127
336 2 2 0 1 408 404 899
337 2 2 0 1 443 427 1147
338 2 2 0 1 507 506 509
339 2 2 0 1 474 422 1172
340 2 2 0 1 851 971 981
341 2 2 0 1 427 529 1147
342 2 2 0 1 926 782 975
343 2 2 0 1 958 851 981
344 2 2 0 1 721 719 897
345 2 2 0 1 221 222 223
346 2 2 0 1 384 328 385
347 2 2 0 1 648 508 1004
348 2 2 0 1 364 361 1027
349 2 2 0 1 544 644 728
350 2 2 0 1 585 701 907
351 2 2 0 1 207 612 626
352 2 2 0 1 360 355 1018
353 2 2 0 1 792 852 1103
354 2 2 0 1 354 345 1088
355 2 2 0 1 304 300 337
356 2 2 0 1 629 734 761
357 2 2 0 1 219 220 221
358 2 2 0 1 836 481 1117
359 2 2 0 1 883 1053 1197
360 2 2 0 1 602 219 640
361 2 2 0 1 386 385 1171
362 2 2 0 1 289 261 597
363 2 2 0 1 383 328 384
364 2 2 0 1 217 218 219
365 2 2 0 1 819 474 1131
366 2 2 0 1 219 221 640
367 2 2 0 1 647 340 988
368 2 2 0 1 400 398 504
369 2 2 0 1 718 511 960
370 2 2 0 1 874 915 1005
371 2 2 0 1 786 785 941
372 2 2 0 1 389 386 392
373 2 2 0 1 504 505 551
374 2 2 0 1 565 566 1062
375 2 2 0 1 1 10 1069
376 2 2 0 1 398 434 504
377 2 2 0 1 391 534 1151
378 2 2 0 1 887 806 1140
379 2 2 0 1 482 836 1117
380 2 2 0 1 637 581 996
381 2 2 0 1 227 231 264
382 2 2 0 1 495 394 1193
383 2 2 0 1 356 1033 1097
384 2 2 0 1 510 507 628
385 2 2 0 1 694 935 1057
386 2 2 0 1 636 205 637
387 2 2 0 1 876 913 938
388 2 2 0 1 757 758 877
389 2 2 0 1 215 204 216
390 2 2 0 1 255 251 286
391 2 2 0 1 722 567 902
392 2 2 0 1 518 494 520
393 2 2 0 1 215 216 217
394 2 2 0 1 551 505 1143
395 2 2 0 1 511 718 1128
396 2 2 0 1 214 204 215
397 2 2 0 1 461 462 471
398 2 2 0 1 824 212 995
399 2 2 0 1 588 589 948
400 2 2 0 1 568 565 1062
401 2 2 0 1 261 258 597
402 2 2 0 1 675 677 927
403 2 2 0 1 525 476 608
404 2 2 0 1 496 654 1193
405 2 2 0 1 518 520 661
406 2 2 0 1 477 476 525
407 2 2 0 1 961 343 998
408 2 2 0 1 235 288 1028
409 2 2 0 1 660 599 1068
410 2 2 0 1 275 336 1186
411 2 2 0 1 402 400 433
412 2 2 0 1 447 658 1130
413 2 2 0 1 26 212 824
414 2 2 0 1 511 368 936
415 2 2 0 1 723 429 794
416 2 2 0 1 577 564 1142
417 2 2 0 1 539 609 1038
418 2 2 0 1 708 706 881
419 2 2 0 1 471 472 541
420 2 2 0 1 573 979 1058
421 2 2 0 1 541 542 543
422 2 2 0 1 912 321 1152
423 2 2 0 1 930 598 1158
424 2 2 0 1 11 614 1069
425 2 2 0 1 490 874 1005
426 2 2 0 1 461 471 1020
427 2 2 0 1 289 597 598
428 2 2 0 1 523 493 748
429 2 2 0 1 849 847 851
430 2 2 0 1 465 923 1015
431 2 2 0 1 737 629 761
432 2 2 0 1 337 607 1010
433 2 2 0 1 692 696 757
434 2 2 0 1 755 692 757
435 2 2 0 1 393 392 394
436 2 2 0 1 516 461 1020
437 2 2 0 1 832 828 836
438 2 2 0 1 551 885 1079
439 2 2 0 1 909 660 1068
440 2 2 0 1 409 408 410
441 2 2 0 1 235 238 288
442 2 2 0 1 258 255 595
443 2 2 0 1 220 590 632
444 2 2 0 1 231 235 546
445 2 2 0 1 205 31 676
446 2 2 0 1 735 434 1110
447 2 2 0 1 566 564 577
448 2 2 0 1 614 11 698
449 2 2 0 1 915 435 1005
450 2 2 0 1 223 227 573
451 2 2 0 1 483 733 1084
452 2 2 0 1 385 387 1171
453 2 2 0 1 562 560 726
454 2 2 0 1 39 204 214
455 2 2 0 1 337 300 607
456 2 2 0 1 30 205 636
457 2 2 0 1 635 202 1189
458 2 2 0 1 264 231 546
459 2 2 0 1 515 719 721
460 2 2 0 1 572 570 1137
461 2 2 0 1 381 678 685
462 2 2 0 1 717 716 1053
463 2 2 0 1 860 858 1114
464 2 2 0 1 489 555 557
465 2 2 0 1 867 323 1099
466 2 2 0 1 541 543 1081
467 2 2 0 1 599 598 1068
468 2 2 0 1 616 619 626
469 2 2 0 1 612 211 613
470 2 2 0 1 582 998 1073
471 2 2 0 1 267 328 383
472 2 2 0 1 248 664 666
473 2 2 0 1 616 617 618
474 2 2 0 1 723 690 724
475 2 2 0 1 632 590 633
476 2 2 0 1 572 1137 1181
477 2 2 0 1 395 394 396
478 2 2 0 1 387 390 391
479 2 2 0 1 706 703 938
480 2 2 0 1 437 427 443
481 2 2 0 1 451 450 452
482 2 2 0 1 922 311 994
483 2 2 0 1 652 594 1187
484 2 2 0 1 336 279 373
485 2 2 0 1 495 592 735
486 2 2 0 1 675 382 677
487 2 2 0 1 497 920 1126
488 2 2 0 1 616 615 617
489 2 2 0 1 609 539 1019
490 2 2 0 1 384 386 389
491 2 2 0 1 512 370 1128
492 2 2 0 1 754 692 755
493 2 2 0 1 900 726 1182
494 2 2 0 1 672 568 673
495 2 2 0 1 471 541 680
496 2 2 0 1 544 728 1039
497 2 2 0 1 387 533 1056
498 2 2 0 1 923 465 1016
499 2 2 0 1 620 956 1050
500 2 2 0 1 334 574 992
501 2 2 0 1 891 331 932
502 2 2 0 1 344 345 354
503 2 2 0 1 354 355 360
504 2 2 0 1 687 690 723
505 2 2 0 1 406 404 408
506 2 2 0 1 836 835 873
507 2 2 0 1 376 609 1019
508 2 2 0 1 613 615 616
509 2 2 0 1 768 766 771
510 2 2 0 1 243 246 267
511 2 2 0 1 360 361 364
512 2 2 0 1 646 521 740
513 2 2 0 1 438 586 682
514 2 2 0 1 790 502 1070
515 2 2 0 1 719 717 822
516 2 2 0 1 596 1000 1001
517 2 2 0 1 587 41 588
518 2 2 0 1 492 849 852
519 2 2 0 1 720 839 1077
520 2 2 0 1 805 806 887
521 2 2 0 1 375 275 1186
522 2 2 0 1 446 444 447
523 2 2 0 1 243 267 1094
524 2 2 0 1 415 414 416
525 2 2 0 1 484 861 1150
526 2 2 0 1 427 424 862
527 2 2 0 1 502 787 1070
528 2 2 0 1 204 40 587
529 2 2 0 1 769 770 1029
530 2 2 0 1 288 586 681
531 2 2 0 1 721 897 1077
532 2 2 0 1 569 669 942
533 2 2 0 1 367 365 1168
534 2 2 0 1 606 631 942
535 2 2 0 1 840 276 1104
536 2 2 0 1 226 223 247
537 2 2 0 1 538 769 1029
538 2 2 0 1 852 792 1095
539 2 2 0 1 586 241 682
540 2 2 0 1 508 648 715
541 2 2 0 1 368 367 1168
542 2 2 0 1 963 483 1084
543 2 2 0 1 774 776 818
544 2 2 0 1 560 870 1182
545 2 2 0 1 233 737 761
546 2 2 0 1 558 557 1135
547 2 2 0 1 388 386 1171
548 2 2 0 1 640 226 976
549 2 2 0 1 288 238 586
550 2 2 0 1 441 667 1159
551 2 2 0 1 730 588 948
552 2 2 0 1 584 562 700
553 2 2 0 1 413 411 414
554 2 2 0 1 411 410 933
555 2 2 0 1 515 718 719
556 2 2 0 1 806 530 1140
557 2 2 0 1 411 933 934
558 2 2 0 1 746 523 748
559 2 2 0 1 318 317 1188
560 2 2 0 1 15 208 627
561 2 2 0 1 293 289 599
562 2 2 0 1 347 503 944
563 2 2 0 1 685 363 952
564 2 2 0 1 588 42 1119
565 2 2 0 1 618 617 620
566 2 2 0 1 450 861 1017
567 2 2 0 1 454 481 1162
568 2 2 0 1 590 591 633
569 2 2 0 1 310 308 311
570 2 2 0 1 633 591 634
571 2 2 0 1 371 707 710
572 2 2 0 1 232 714 1132
573 2 2 0 1 544 643 644
574 2 2 0 1 596 286 1000
575 2 2 0 1 266 261 289
576 2 2 0 1 631 569 942
577 2 2 0 1 331 891 931
578 2 2 0 1 444 443 1184
579 2 2 0 1 560 558 1135
580 2 2 0 1 461 432 462
581 2 2 0 1 609 376 1139
582 2 2 0 1 17 210 611
583 2 2 0 1 44 211 612
584 2 2 0 1 580 824 995
585 2 2 0 1 531 847 849
586 2 2 0 1 450 449 1150
587 2 2 0 1 470 660 909
588 2 2 0 1 282 285 330
589 2 2 0 1 41 42 588
590 2 2 0 1 509 593 649
591 2 2 0 1 466 464 1144
592 2 2 0 1 340 987 988
593 2 2 0 1 639 362 1106
594 2 2 0 1 348 217 602
595 2 2 0 1 311 308 994
596 2 2 0 1 509 649 715
597 2 2 0 1 620 622 956
598 2 2 0 1 504 551 1079
599 2 2 0 1 890 891 986
600 2 2 0 1 818 819 1131
601 2 2 0 1 536 537 1183
602 2 2 0 1 939 525 1123
603 2 2 0 1 282 330 1031
604 2 2 0 1 664 248 1122
605 2 2 0 1 414 411 934
606 2 2 0 1 656 239 1075
607 2 2 0 1 369 368 370
608 2 2 0 1 397 396 398
609 2 2 0 1 706 938 1152
610 2 2 0 1 463 460 1192
611 2 2 0 1 726 563 906
612 2 2 0 1 227 230 231
613 2 2 0 1 714 232 1156
614 2 2 0 1 612 613 626
615 2 2 0 1 238 241 586
616 2 2 0 1 396 394 1110
617 2 2 0 1 639 366 947
618 2 2 0 1 30 31 205
619 2 2 0 1 39 40 204
620 2 2 0 1 21 22 203
621 2 2 0 1 12 13 202
622 2 2 0 1 24 25 209
623 2 2 0 1 15 16 208
624 2 2 0 1 42 43 207
625 2 2 0 1 33 34 206
626 2 2 0 1 449 447 1150
627 2 2 0 1 296 293 1082
628 2 2 0 1 464 463 1144
629 2 2 0 1 416 441 1159
630 2 2 0 1 299 296 300
631 2 2 0 1 812 253 1014
632 2 2 0 1 729 543 1039
633 2 2 0 1 250 247 251
634 2 2 0 1 206 34 638
635 2 2 0 1 681 438 991
636 2 2 0 1 643 551 1134
637 2 2 0 1 993 659 1011
638 2 2 0 1 534 536 1183
639 2 2 0 1 420 479 1120
640 2 2 0 1 566 893 894
641 2 2 0 1 227 264 573
642 2 2 0 1 747 522 855
643 2 2 0 1 20 675 927
644 2 2 0 1 555 475 920
645 2 2 0 1 481 454 1117
646 2 2 0 1 279 282 373
647 2 2 0 1 613 616 626
648 2 2 0 1 364 365 367
649 2 2 0 1 454 452 1117
650 2 2 0 1 574 334 1102
651 2 2 0 1 439 476 477
652 2 2 0 1 422 493 1172
653 2 2 0 1 31 32 676
654 2 2 0 1 530 806 809
655 2 2 0 1 433 400 1079
656 2 2 0 1 10 11 1069
657 2 2 0 1 208 16 611
658 2 2 0 1 207 43 612
659 2 2 0 1 605 602 977
660 2 2 0 1 263 633 973
661 2 2 0 1 654 495 1193
662 2 2 0 1 205 676 949
663 2 2 0 1 556 867 1037
664 2 2 0 1 636 637 996
665 2 2 0 1 267 270 271
666 2 2 0 1 247 223 1058
667 2 2 0 1 595 255 1173
668 2 2 0 1 602 640 977
669 2 2 0 1 630 1134 1143
670 2 2 0 1 362 600 1106
671 2 2 0 1 388 697 1057
672 2 2 0 1 488 475 489
673 2 2 0 1 350 993 1011
674 2 2 0 1 286 251 999
675 2 2 0 1 637 205 1013
676 2 2 0 1 513 512 514
677 2 2 0 1 223 573 1058
678 2 2 0 1 603 602 605
679 2 2 0 1 418 416 1159
680 2 2 0 1 768 273 814
681 2 2 0 1 255 286 1173
682 2 2 0 1 626 619 890
683 2 2 0 1 453 452 454
684 2 2 0 1 501 791 1070
685 2 2 0 1 467 466 1174
686 2 2 0 1 273 768 1163
687 2 2 0 1 404 402 733
688 2 2 0 1 537 671 672
689 2 2 0 1 644 737 1052
690 2 2 0 1 616 618 619
691 2 2 0 1 711 708 716
692 2 2 0 1 609 514 1038
693 2 2 0 1 218 216 342
694 2 2 0 1 510 628 629
695 2 2 0 1 1016 465 1033
696 2 2 0 1 1105 649 1169
697 2 2 0 1 295 293 296
698 2 2 0 1 207 589 1119
699 2 2 0 1 434 396 1110
700 2 2 0 1 589 588 1119
701 2 2 0 1 669 206 942
702 2 2 0 1 613 614 615
703 2 2 0 1 791 1061 1095
704 2 2 0 1 441 414 1146
705 2 2 0 1 202 13 1189
706 2 2 0 1 821 662 1122
707 2 2 0 1 697 1055 1057
708 2 2 0 1 32 33 669
709 2 2 0 1 360 364 813
710 2 2 0 1 604 820 1149
711 2 2 0 1 587 588 730
712 2 2 0 1 620 621 622
713 2 2 0 1 220 218 590
714 2 2 0 1 424 474 862
715 2 2 0 1 515 954 1128
716 2 2 0 1 755 693 756
717 2 2 0 1 417 416 418
718 2 2 0 1 671 568 672
719 2 2 0 1 645 521 646
720 2 2 0 1 218 342 590
721 2 2 0 1 525 608 1123
722 2 2 0 1 793 656 1185
723 2 2 0 1 317 315 1188
724 2 2 0 1 851 847 971
725 2 2 0 1 406 408 409
726 2 2 0 1 833 860 1114
727 2 2 0 1 549 579 582
728 2 2 0 1 766 769 771
729 2 2 0 1 399 398 400
730 2 2 0 1 471 462 472
731 2 2 0 1 213 214 937
732 2 2 0 1 40 41 587
733 2 2 0 1 703 701 876
734 2 2 0 1 627 208 732
735 2 2 0 1 522 747 1009
736 2 2 0 1 333 547 924
737 2 2 0 1 1032 356 1088
738 2 2 0 1 462 432 899
739 2 2 0 1 254 251 255
740 2 2 0 1 646 747 748
741 2 2 0 1 561 560 562
742 2 2 0 1 541 472 542
743 2 2 0 1 842 844 889
744 2 2 0 1 213 38 214
745 2 2 0 1 543 752 1081
746 2 2 0 1 468 467 1174
747 2 2 0 1 29 30 636
748 2 2 0 1 227 222 230
749 2 2 0 1 203 22 655
750 2 2 0 1 389 392 393
751 2 2 0 1 674 771 985
752 2 2 0 1 649 650 1169
753 2 2 0 1 321 881 1152
754 2 2 0 1 705 703 706
755 2 2 0 1 509 592 593
756 2 2 0 1 589 890 986
757 2 2 0 1 534 391 536
758 2 2 0 1 42 207 1119
759 2 2 0 1 1010 498 1026
760 2 2 0 1 633 634 973
761 2 2 0 1 733 483 899
762 2 2 0 1 304 337 1090
763 2 2 0 1 264 546 874
764 2 2 0 1 808 804 929
765 2 2 0 1 477 525 527
766 2 2 0 1 271 274 275
767 2 2 0 1 600 362 601
768 2 2 0 1 775 864 895
769 2 2 0 1 775 895 951
770 2 2 0 1 723 794 1191
771 2 2 0 1 853 517 872
772 2 2 0 1 14 15 627
773 2 2 0 1 527 525 668
774 2 2 0 1 231 234 235
775 2 2 0 1 460 463 464
776 2 2 0 1 383 384 1006
777 2 2 0 1 21 203 675
778 2 2 0 1 839 840 1077
779 2 2 0 1 919 497 941
780 2 2 0 1 303 300 304
781 2 2 0 1 38 39 214
782 2 2 0 1 714 648 1004
783 2 2 0 1 221 223 226
784 2 2 0 1 393 394 395
785 2 2 0 1 531 849 1148
786 2 2 0 1 537 539 671
787 2 2 0 1 649 593 650
788 2 2 0 1 311 922 923
789 2 2 0 1 925 23 969
790 2 2 0 1 707 706 708
791 2 2 0 1 687 689 690
792 2 2 0 1 610 609 1139
793 2 2 0 1 861 450 1150
794 2 2 0 1 336 373 1042
795 2 2 0 1 852 851 958
796 2 2 0 1 422 420 1120
797 2 2 0 1 328 271 1177
798 2 2 0 1 275 278 279
799 2 2 0 1 204 587 1145
800 2 2 0 1 678 335 685
801 2 2 0 1 269 758 878
802 2 2 0 1 638 35 679
803 2 2 0 1 356 601 953
804 2 2 0 1 419 418 420
805 2 2 0 1 615 614 698
806 2 2 0 1 661 812 1014
807 2 2 0 1 571 670 1058
808 2 2 0 1 464 466 467
809 2 2 0 1 483 462 899
810 2 2 0 1 35 36 679
811 2 2 0 1 271 275 1177
812 2 2 0 1 461 516 1155
813 2 2 0 1 33 206 669
814 2 2 0 1 216 204 1145
815 2 2 0 1 690 691 692
816 2 2 0 1 543 542 544
817 2 2 0 1 624 647 988
818 2 2 0 1 409 410 411
819 2 2 0 1 474 819 862
820 2 2 0 1 613 211 614
821 2 2 0 1 486 978 990
822 2 2 0 1 718 717 719
823 2 2 0 1 665 713 926
824 2 2 0 1 693 757 877
825 2 2 0 1 428 392 935
826 2 2 0 1 590 342 591
827 2 2 0 1 34 35 638
828 2 2 0 1 537 672 985
829 2 2 0 1 583 562 584
830 2 2 0 1 509 715 1116
831 2 2 0 1 643 553 885
832 2 2 0 1 446 447 449
833 2 2 0 1 215 217 348
834 2 2 0 1 692 695 696
835 2 2 0 1 401 400 402
836 2 2 0 1 402 433 733
837 2 2 0 1 22 23 655
838 2 2 0 1 611 210 968
839 2 2 0 1 437 443 444
840 2 2 0 1 29 636 699
841 2 2 0 1 484 837 860
842 2 2 0 1 413 414 415
843 2 2 0 1 543 544 1039
844 2 2 0 1 16 17 611
845 2 2 0 1 43 44 612
846 2 2 0 1 726 560 1182
847 2 2 0 1 12 202 698
848 2 2 0 1 387 385 390
849 2 2 0 1 439 477 933
850 2 2 0 1 650 651 652
851 2 2 0 1 293 599 1082
852 2 2 0 1 551 643 885
853 2 2 0 1 737 644 1134
854 2 2 0 1 373 282 1031
855 2 2 0 1 482 832 836
856 2 2 0 1 611 940 1121
857 2 2 0 1 677 210 927
858 2 2 0 1 741 642 811
859 2 2 0 1 469 468 1126
860 2 2 0 1 421 420 422
861 2 2 0 1 222 220 632
862 2 2 0 1 923 1016 1051
863 2 2 0 1 1136 531 1192
864 2 2 0 1 738 532 1011
865 2 2 0 1 956 955 983
866 2 2 0 1 289 598 599
867 2 2 0 1 697 388 1056
868 2 2 0 1 449 450 451
869 2 2 0 1 235 237 238
870 2 2 0 1 716 1080 1197
871 2 2 0 1 516 764 1060
872 2 2 0 1 17 18 210
873 2 2 0 1 44 45 211
874 2 2 0 1 26 27 212
875 2 2 0 1 37 38 213
876 2 2 0 1 209 578 1166
877 2 2 0 1 523 749 750
878 2 2 0 1 475 469 1126
879 2 2 0 1 764 1020 1112
880 2 2 0 1 395 396 397
881 2 2 0 1 633 263 1003
882 2 2 0 1 508 715 772
883 2 2 0 1 267 246 270
884 2 2 0 1 325 318 344
885 2 2 0 1 208 611 1121
886 2 2 0 1 615 698 825
887 2 2 0 1 708 881 1080
888 2 2 0 1 283 931 1167
889 2 2 0 1 226 247 250
890 2 2 0 1 535 1100 1151
891 2 2 0 1 684 328 1177
892 2 2 0 1 292 886 887
893 2 2 0 1 307 304 308
894 2 2 0 1 275 375 1177
895 2 2 0 1 206 638 820
896 2 2 0 1 257 255 258
897 2 2 0 1 890 619 891
898 2 2 0 1 456 480 1136
899 2 2 0 1 619 618 1167
900 2 2 0 1 502 790 904
901 2 2 0 1 564 954 1142
902 2 2 0 1 1061 492 1095
903 2 2 0 1 995 699 996
904 2 2 0 1 23 24 969
905 2 2 0 1 1134 551 1143
906 2 2 0 1 363 685 944
907 2 2 0 1 20 21 675
908 2 2 0 1 620 617 621
909 2 2 0 1 423 422 424
910 2 2 0 1 750 749 817
911 2 2 0 1 674 673 962
912 2 2 0 1 632 633 1003
913 2 2 0 1 622 623 624
914 2 2 0 1 1049 203 1141
915 2 2 0 1 347 357 503
916 2 2 0 1 628 507 648
917 2 2 0 1 348 602 603
918 2 2 0 1 582 579 683
919 2 2 0 1 489 558 600
920 2 2 0 1 253 811 1014
921 2 2 0 1 266 289 293
922 2 2 0 1 455 454 456
923 2 2 0 1 829 831 834
924 2 2 0 1 698 202 825
925 2 2 0 1 618 620 1012
926 2 2 0 1 710 708 711
927 2 2 0 1 1100 535 1165
928 2 2 0 1 598 597 921
929 2 2 0 1 847 845 971
930 2 2 0 1 460 458 1192
931 2 2 0 1 628 648 714
932 2 2 0 1 212 699 995
933 2 2 0 1 711 716 717
934 2 2 0 1 658 444 1184
935 2 2 0 1 525 939 1034
936 2 2 0 1 432 408 899
937 2 2 0 1 845 842 970
938 2 2 0 1 403 402 404
939 2 2 0 1 549 582 1073
940 2 2 0 1 477 528 933
941 2 2 0 1 28 29 699
942 2 2 0 1 260 258 261
943 2 2 0 1 479 521 645
944 2 2 0 1 330 285 678
945 2 2 0 1 1133 778 1140
946 2 2 0 1 295 296 299
947 2 2 0 1 497 919 920
948 2 2 0 1 846 1046 1101
949 2 2 0 1 742 652 1075
950 2 2 0 1 702 701 703
951 2 2 0 1 530 1133 1140
952 2 2 0 1 11 12 698
953 2 2 0 1 668 525 1034
954 2 2 0 1 493 422 1120
955 2 2 0 1 213 937 1040
956 2 2 0 1 238 240 241
957 2 2 0 1 362 639 947
958 2 2 0 1 716 708 1080
959 2 2 0 1 661 520 662
960 2 2 0 1 394 495 1110
961 2 2 0 1 768 674 1163
962 2 2 0 1 924 547 1002
963 2 2 0 1 693 755 757
964 2 2 0 1 707 371 1041
965 2 2 0 1 211 45 1069
966 2 2 0 1 209 25 824
967 2 2 0 1 792 314 865
968 2 2 0 1 25 26 824
969 2 2 0 1 367 368 369
970 2 2 0 1 248 666 1178
971 2 2 0 1 835 829 916
972 2 2 0 1 655 23 925
973 2 2 0 1 733 433 1084
974 2 2 0 1 732 554 1179
975 2 2 0 1 494 418 1159
976 2 2 0 1 1044 431 1045
977 2 2 0 1 662 663 664
978 2 2 0 1 333 358 547
979 2 2 0 1 650 652 1187
980 2 2 0 1 859 837 1107
981 2 2 0 1 250 251 254
982 2 2 0 1 624 625 647
983 2 2 0 1 279 281 282
984 2 2 0 1 503 738 1011
985 2 2 0 1 747 646 1009
986 2 2 0 1 480 848 1136
987 2 2 0 1 1053 716 1197
988 2 2 0 1 878 770 1083
989 2 2 0 1 493 523 1172
990 2 2 0 1 672 673 674
991 2 2 0 1 830 856 888
992 2 2 0 1 231 230 234
993 2 2 0 1 920 475 1126
994 2 2 0 1 299 300 303
995 2 2 0 1 311 923 1051
996 2 2 0 1 823 867 1099
997 2 2 0 1 205 949 1013
998 2 2 0 1 451 452 453
999 2 2 0 1 397 398 399
1000 2 2 0 1 943 541 1081
1001 2 2 0 1 826 327 964
1002 2 2 0 1 458 456 1136
1003 2 2 0 1 956 983 1008
1004 2 2 0 1 467 468 469
1005 2 2 0 1 242 240 972
1006 2 2 0 1 272 810 1195
1007 2 2 0 1 867 823 1037
1008 2 2 0 1 286 596 1173
1009 2 2 0 1 672 674 985
1010 2 2 0 1 1020 680 1112
1011 2 2 0 1 680 943 1154
1012 2 2 0 1 603 605 606
1013 2 2 0 1 631 606 1066
1014 2 2 0 1 537 536 539
1015 2 2 0 1 638 679 1149
1016 2 2 0 1 426 424 427
1017 2 2 0 1 391 390 641
1018 2 2 0 1 954 512 1128
1019 2 2 0 1 370 512 513
1020 2 2 0 1 381 685 952
1021 2 2 0 1 257 260 965
1022 2 2 0 1 652 653 656
1023 2 2 0 1 844 842 845
1024 2 2 0 1 1056 388 1171
1025 2 2 0 1 575 1102 1118
1026 2 2 0 1 837 859 860
1027 2 2 0 1 577 840 1104
1028 2 2 0 1 410 439 933
1029 2 2 0 1 701 700 907
1030 2 2 0 1 310 311 315
1031 2 2 0 1 380 552 569
1032 2 2 0 1 405 404 406
1033 2 2 0 1 14 627 1067
1034 2 2 0 1 872 517 873
1035 2 2 0 1 810 962 1195
1036 2 2 0 1 509 506 592
1037 2 2 0 1 849 851 852
1038 2 2 0 1 871 853 872
1039 2 2 0 1 622 621 623
1040 2 2 0 1 457 456 458
1041 2 2 0 1 896 720 1077
1042 2 2 0 1 24 209 969
1043 2 2 0 1 315 311 1051
1044 2 2 0 1 491 571 979
1045 2 2 0 1 617 615 825
1046 2 2 0 1 778 775 951
1047 2 2 0 1 351 327 826
1048 2 2 0 1 317 318 325
1049 2 2 0 1 599 660 1082
1050 2 2 0 1 1137 442 1181
1051 2 2 0 1 399 400 401
1052 2 2 0 1 769 538 771
1053 2 2 0 1 1077 840 1142
1054 2 2 0 1 378 980 1127
1055 2 2 0 1 415 416 417
1056 2 2 0 1 503 357 738
1057 2 2 0 1 978 681 990
1058 2 2 0 1 713 665 1091
1059 2 2 0 1 547 548 549
1060 2 2 0 1 352 379 380
1061 2 2 0 1 484 860 861
1062 2 2 0 1 680 541 943
1063 2 2 0 1 378 826 980
1064 2 2 0 1 667 441 1091
1065 2 2 0 1 241 242 243
1066 2 2 0 1 510 629 630
1067 2 2 0 1 309 308 310
1068 2 2 0 1 622 624 955
1069 2 2 0 1 359 1141 1180
1070 2 2 0 1 579 581 683
1071 2 2 0 1 646 740 1009
1072 2 2 0 1 340 647 1179
1073 2 2 0 1 385 328 684
1074 2 2 0 1 314 792 1103
1075 2 2 0 1 809 658 1092
1076 2 2 0 1 925 550 967
1077 2 2 0 1 563 905 906
1078 2 2 0 1 573 264 979
1079 2 2 0 1 847 531 848
1080 2 2 0 1 545 1033 1043
1081 2 2 0 1 308 304 994
1082 2 2 0 1 2 19 1065
1083 2 2 0 1 243 245 246
1084 2 2 0 1 703 876 938
1085 2 2 0 1 1045 1113 1161
1086 2 2 0 1 854 853 871
1087 2 2 0 1 215 348 937
1088 2 2 0 1 214 215 937
1089 2 2 0 1 235 234 237
1090 2 2 0 1 931 619 1167
1091 2 2 0 1 787 502 903
1092 2 2 0 1 271 270 274
1093 2 2 0 1 554 732 1121
1094 2 2 0 1 650 593 651
1095 2 2 0 1 813 364 1036
1096 2 2 0 1 387 1056 1171
1097 2 2 0 1 303 304 307
1098 2 2 0 1 288 681 978
1099 2 2 0 1 18 2 1065
1100 2 2 0 1 489 557 558
1101 2 2 0 1 376 641 1047
1102 2 2 0 1 777 818 1111
1103 2 2 0 1 679 36 1072
1104 2 2 0 1 682 383 1006
1105 2 2 0 1 275 274 278
1106 2 2 0 1 894 722 1062
1107 2 2 0 1 831 829 835
1108 2 2 0 1 902 272 1195
1109 2 2 0 1 792 789 1095
1110 2 2 0 1 27 3 1071
1111 2 2 0 1 3 28 1071
1112 2 2 0 1 36 4 1072
1113 2 2 0 1 4 37 1072
1114 2 2 0 1 891 619 931
1115 2 2 0 1 554 959 1179
1116 2 2 0 1 348 604 937
1117 2 2 0 1 279 278 281
1118 2 2 0 1 951 887 1140
1119 2 2 0 1 265 261 266
1120 2 2 0 1 921 431 1059
1121 2 2 0 1 652 656 1075
1122 2 2 0 1 757 696 758
1123 2 2 0 1 335 339 685
1124 2 2 0 1 674 768 771
1125 2 2 0 1 786 941 1124
1126 2 2 0 1 673 568 722
1127 2 2 0 1 955 287 983
1128 2 2 0 1 401 402 403
1129 2 2 0 1 565 568 671
1130 2 2 0 1 254 255 257
1131 2 2 0 1 549 578 579
1132 2 2 0 1 869 557 1099
1133 2 2 0 1 330 678 813
1134 2 2 0 1 630 629 737
1135 2 2 0 1 555 918 1037
1136 2 2 0 1 377 351 378
1137 2 2 0 1 513 514 609
1138 2 2 0 1 378 351 826
1139 2 2 0 1 307 308 309
1140 2 2 0 1 1016 540 1051
1141 2 2 0 1 198 197 729
1142 2 2 0 1 846 848 1046
1143 2 2 0 1 764 516 1020
1144 2 2 0 1 193 192 763
1145 2 2 0 1 668 782 926
1146 2 2 0 1 579 580 581
1147 2 2 0 1 412 411 413
1148 2 2 0 1 860 833 861
1149 2 2 0 1 371 936 1168
1150 2 2 0 1 547 358 548
1151 2 2 0 1 469 475 488
1152 2 2 0 1 682 241 1094
1153 2 2 0 1 406 409 957
1154 2 2 0 1 947 366 1027
1155 2 2 0 1 491 407 570
1156 2 2 0 1 601 362 953
1157 2 2 0 1 953 362 1018
1158 2 2 0 1 656 657 686
1159 2 2 0 1 575 574 1102
1160 2 2 0 1 282 284 285
1161 2 2 0 1 923 487 1015
1162 2 2 0 1 737 233 1052
1163 2 2 0 1 713 527 926
1164 2 2 0 1 881 706 1152
1165 2 2 0 1 238 237 240
1166 2 2 0 1 47 46 734
1167 2 2 0 1 791 501 1061
1168 2 2 0 1 940 611 968
1169 2 2 0 1 811 642 1014
1170 2 2 0 1 690 689 691
1171 2 2 0 1 591 730 948
1172 2 2 0 1 197 196 752
1173 2 2 0 1 381 360 813
1174 2 2 0 1 658 809 1074
1175 2 2 0 1 353 346 554
1176 2 2 0 1 662 664 1122
1177 2 2 0 1 624 623 625
1178 2 2 0 1 201 200 760
1179 2 2 0 1 492 852 1095
1180 2 2 0 1 571 570 572
1181 2 2 0 1 436 427 437
1182 2 2 0 1 807 805 886
1183 2 2 0 1 932 331 972
1184 2 2 0 1 662 520 663
1185 2 2 0 1 873 517 1162
1186 2 2 0 1 298 856 1114
1187 2 2 0 1 922 487 923
1188 2 2 0 1 453 454 455
1189 2 2 0 1 748 493 1115
1190 2 2 0 1 435 915 1093
1191 2 2 0 1 359 350 532
1192 2 2 0 1 329 575 576
1193 2 2 0 1 531 1148 1192
1194 2 2 0 1 558 560 561
1195 2 2 0 1 210 677 968
1196 2 2 0 1 366 712 946
1197 2 2 0 1 349 332 350
1198 2 2 0 1 57 56 742
1199 2 2 0 1 199 198 228
1200 2 2 0 1 917 556 1037
1201 2 2 0 1 417 418 419
1202 2 2 0 1 19 20 927
1203 2 2 0 1 488 489 600
1204 2 2 0 1 521 642 1087
1205 2 2 0 1 371 710 936
1206 2 2 0 1 686 687 723
1207 2 2 0 1 59 58 793
1208 2 2 0 1 203 655 1141
1209 2 2 0 1 185 184 781
1210 2 2 0 1 188 187 224
1211 2 2 0 1 64 63 753
1212 2 2 0 1 370 513 984
1213 2 2 0 1 459 458 460
1214 2 2 0 1 705 706 707
1215 2 2 0 1 641 376 1019
1216 2 2 0 1 357 382 738
1217 2 2 0 1 505 510 1143
1218 2 2 0 1 776 778 1133
1219 2 2 0 1 357 374 382
1220 2 2 0 1 260 329 965
1221 2 2 0 1 652 651 653
1222 2 2 0 1 334 352 1102
1223 2 2 0 1 347 353 357
1224 2 2 0 1 192 191 225
1225 2 2 0 1 501 974 1125
1226 2 2 0 1 544 553 643
1227 2 2 0 1 886 805 887
1228 2 2 0 1 584 700 701
1229 2 2 0 1 715 649 1138
1230 2 2 0 1 173 172 739
1231 2 2 0 1 885 553 1084
1232 2 2 0 1 294 293 295
1233 2 2 0 1 48 47 232
1234 2 2 0 1 403 404 405
1235 2 2 0 1 331 242 972
1236 2 2 0 1 570 407 957
1237 2 2 0 1 820 606 942
1238 2 2 0 1 316 332 333
1239 2 2 0 1 181 180 248
1240 2 2 0 1 232 734 1156
1241 2 2 0 1 202 635 1048
1242 2 2 0 1 257 258 260
1243 2 2 0 1 724 753 784
1244 2 2 0 1 569 631 1118
1245 2 2 0 1 359 532 1141
1246 2 2 0 1 621 617 825
1247 2 2 0 1 348 603 604
1248 2 2 0 1 520 494 667
1249 2 2 0 1 176 175 811
1250 2 2 0 1 419 420 421
1251 2 2 0 1 241 243 1094
1252 2 2 0 1 628 714 1156
1253 2 2 0 1 584 702 945
1254 2 2 0 1 679 1040 1149
1255 2 2 0 1 260 261 265
1256 2 2 0 1 673 722 1195
1257 2 2 0 1 339 346 347
1258 2 2 0 1 458 1136 1192
1259 2 2 0 1 189 188 731
1260 2 2 0 1 325 344 363
1261 2 2 0 1 53 52 236
1262 2 2 0 1 168 167 751
1263 2 2 0 1 734 629 1156
1264 2 2 0 1 191 190 743
1265 2 2 0 1 849 492 1148
1266 2 2 0 1 579 578 580
1267 2 2 0 1 382 675 1049
1268 2 2 0 1 174 173 252
1269 2 2 0 1 722 902 1195
1270 2 2 0 1 670 247 1058
1271 2 2 0 1 782 668 1098
1272 2 2 0 1 187 186 783
1273 2 2 0 1 171 170 855
1274 2 2 0 1 873 835 1153
1275 2 2 0 1 380 379 552
1276 2 2 0 1 163 9 773
1277 2 2 0 1 692 691 695
1278 2 2 0 1 856 830 1114
1279 2 2 0 1 438 682 1006
1280 2 2 0 1 654 496 1196
1281 2 2 0 1 549 548 578
1282 2 2 0 1 872 873 1153
1283 2 2 0 1 492 1061 1144
1284 2 2 0 1 566 894 1062
1285 2 2 0 1 282 281 284
1286 2 2 0 1 345 1032 1088
1287 2 2 0 1 58 57 239
1288 2 2 0 1 316 315 317
1289 2 2 0 1 190 189 478
1290 2 2 0 1 567 894 914
1291 2 2 0 1 582 683 980
1292 2 2 0 1 169 168 256
1293 2 2 0 1 200 199 727
1294 2 2 0 1 1133 530 1147
1295 2 2 0 1 409 412 957
1296 2 2 0 1 642 518 1014
1297 2 2 0 1 506 434 735
1298 2 2 0 1 338 326 340
1299 2 2 0 1 569 552 669
1300 2 2 0 1 65 64 244
1301 2 2 0 1 6 201 233
1302 2 2 0 1 675 203 1049
1303 2 2 0 1 382 374 677
1304 2 2 0 1 52 51 772
1305 2 2 0 1 593 592 654
1306 2 2 0 1 285 326 335
1307 2 2 0 1 421 422 423
1308 2 2 0 1 647 1176 1179
1309 2 2 0 1 357 353 374
1310 2 2 0 1 194 193 473
1311 2 2 0 1 285 335 678
1312 2 2 0 1 73 72 268
1313 2 2 0 1 46 6 761
1314 2 2 0 1 921 1059 1158
1315 2 2 0 1 330 813 1036
1316 2 2 0 1 196 195 229
1317 2 2 0 1 335 338 339
1318 2 2 0 1 423 424 426
1319 2 2 0 1 700 562 906
1320 2 2 0 1 78 77 810
1321 2 2 0 1 51 50 508
1322 2 2 0 1 630 737 1134
1323 2 2 0 1 352 380 1102
1324 2 2 0 1 153 152 795
1325 2 2 0 1 316 317 332
1326 2 2 0 1 164 163 259
1327 2 2 0 1 54 53 736
1328 2 2 0 1 195 194 762
1329 2 2 0 1 186 185 526
1330 2 2 0 1 157 156 803
1331 2 2 0 1 561 562 583
1332 2 2 0 1 642 741 1087
1333 2 2 0 1 982 435 1093
1334 2 2 0 1 294 327 334
1335 2 2 0 1 405 406 407
1336 2 2 0 1 347 346 353
1337 2 2 0 1 68 67 877
1338 2 2 0 1 123 122 903
1339 2 2 0 1 241 240 242
1340 2 2 0 1 180 179 821
1341 2 2 0 1 946 712 1041
1342 2 2 0 1 80 79 902
1343 2 2 0 1 518 661 1014
1344 2 2 0 1 528 527 713
1345 2 2 0 1 147 146 856
1346 2 2 0 1 136 135 841
1347 2 2 0 1 524 779 1111
1348 2 2 0 1 133 132 970
1349 2 2 0 1 184 183 249
1350 2 2 0 1 89 88 815
1351 2 2 0 1 818 776 819
1352 2 2 0 1 121 120 785
1353 2 2 0 1 946 371 1168
1354 2 2 0 1 7 84 838
1355 2 2 0 1 838 892 1104
1356 2 2 0 1 778 951 1140
1357 2 2 0 1 445 444 446
1358 2 2 0 1 725 330 1036
1359 2 2 0 1 848 480 1046
1360 2 2 0 1 363 344 952
1361 2 2 0 1 9 162 864
1362 2 2 0 1 62 61 429
1363 2 2 0 1 333 349 358
1364 2 2 0 1 55 54 780
1365 2 2 0 1 146 145 888
1366 2 2 0 1 354 360 381
1367 2 2 0 1 56 55 594
1368 2 2 0 1 936 368 1168
1369 2 2 0 1 380 569 1118
1370 2 2 0 1 175 174 741
1371 2 2 0 1 664 663 665
1372 2 2 0 1 292 887 951
1373 2 2 0 1 63 62 784
1374 2 2 0 1 339 347 944
1375 2 2 0 1 707 708 710
1376 2 2 0 1 122 121 312
1377 2 2 0 1 92 91 882
1378 2 2 0 1 131 130 981
1379 2 2 0 1 125 124 313
1380 2 2 0 1 170 169 745
1381 2 2 0 1 659 503 1011
1382 2 2 0 1 591 342 730
1383 2 2 0 1 213 679 1072
1384 2 2 0 1 60 59 430
1385 2 2 0 1 907 319 908
1386 2 2 0 1 699 636 996
1387 2 2 0 1 162 161 895
1388 2 2 0 1 154 153 290
1389 2 2 0 1 135 134 889
1390 2 2 0 1 160 159 886
1391 2 2 0 1 228 729 1039
1392 2 2 0 1 61 60 794
1393 2 2 0 1 711 717 718
1394 2 2 0 1 143 142 834
1395 2 2 0 1 158 157 291
1396 2 2 0 1 66 65 756
1397 2 2 0 1 532 350 1011
1398 2 2 0 1 634 591 948
1399 2 2 0 1 294 295 327
1400 2 2 0 1 79 78 272
1401 2 2 0 1 455 456 457
1402 2 2 0 1 299 303 306
1403 2 2 0 1 96 95 880
1404 2 2 0 1 177 176 253
1405 2 2 0 1 679 213 1040
1406 2 2 0 1 350 332 993
1407 2 2 0 1 656 653 657
1408 2 2 0 1 230 222 632
1409 2 2 0 1 548 358 550
1410 2 2 0 1 501 1125 1174
1411 2 2 0 1 585 907 908
1412 2 2 0 1 441 713 1091
1413 2 2 0 1 625 623 635
1414 2 2 0 1 349 350 359
1415 2 2 0 1 72 71 863
1416 2 2 0 1 74 73 765
1417 2 2 0 1 390 684 1047
1418 2 2 0 1 90 89 280
1419 2 2 0 1 285 284 326
1420 2 2 0 1 878 759 879
1421 2 2 0 1 702 703 705
1422 2 2 0 1 1113 1035 1161
1423 2 2 0 1 132 131 305
1424 2 2 0 1 179 178 519
1425 2 2 0 1 486 982 1093
1426 2 2 0 1 165 164 779
1427 2 2 0 1 84 83 892
1428 2 2 0 1 339 338 346
1429 2 2 0 1 266 293 294
1430 2 2 0 1 178 177 812
1431 2 2 0 1 98 97 912
1432 2 2 0 1 644 643 1134
1433 2 2 0 1 818 750 1111
1434 2 2 0 1 1130 484 1150
1435 2 2 0 1 554 346 959
1436 2 2 0 1 352 351 377
1437 2 2 0 1 112 111 868
1438 2 2 0 1 334 327 351
1439 2 2 0 1 144 143 297
1440 2 2 0 1 67 66 693
1441 2 2 0 1 85 7 276
1442 2 2 0 1 325 363 659
1443 2 2 0 1 431 921 1113
1444 2 2 0 1 104 103 908
1445 2 2 0 1 389 393 438
1446 2 2 0 1 704 912 1152
1447 2 2 0 1 316 333 924
1448 2 2 0 1 137 136 301
1449 2 2 0 1 246 245 283
1450 2 2 0 1 172 171 522
1451 2 2 0 1 82 81 914
1452 2 2 0 1 801 658 1074
1453 2 2 0 1 148 147 298
1454 2 2 0 1 472 462 483
1455 2 2 0 1 334 351 352
1456 2 2 0 1 243 242 245
1457 2 2 0 1 108 107 900
1458 2 2 0 1 547 549 1073
1459 2 2 0 1 405 407 490
1460 2 2 0 1 927 210 1065
1461 2 2 0 1 744 516 1060
1462 2 2 0 1 491 570 571
1463 2 2 0 1 129 128 911
1464 2 2 0 1 269 878 879
1465 2 2 0 1 552 379 676
1466 2 2 0 1 978 486 1093
1467 2 2 0 1 515 721 954
1468 2 2 0 1 371 946 1041
1469 2 2 0 1 740 521 1087
1470 2 2 0 1 933 528 934
1471 2 2 0 1 284 281 287
1472 2 2 0 1 571 572 670
1473 2 2 0 1 71 70 759
1474 2 2 0 1 426 427 436
1475 2 2 0 1 75 74 814
1476 2 2 0 1 712 366 945
1477 2 2 0 1 13 14 1189
1478 2 2 0 1 517 1046 1162
1479 2 2 0 1 307 309 343
1480 2 2 0 1 918 555 920
1481 2 2 0 1 457 458 459
1482 2 2 0 1 753 724 754
1483 2 2 0 1 684 375 1047
1484 2 2 0 1 166 165 524
1485 2 2 0 1 352 377 379
1486 2 2 0 1 126 125 788
1487 2 2 0 1 335 326 338
1488 2 2 0 1 155 154 802
1489 2 2 0 1 333 332 349
1490 2 2 0 1 409 411 412
1491 2 2 0 1 319 907 1109
1492 2 2 0 1 322 870 901
1493 2 2 0 1 76 75 273
1494 2 2 0 1 124 8 904
1495 2 2 0 1 1029 535 1194
1496 2 2 0 1 113 112 323
1497 2 2 0 1 329 576 965
1498 2 2 0 1 145 144 827
1499 2 2 0 1 897 896 1077
1500 2 2 0 1 686 657 687
1501 2 2 0 1 77 76 866
1502 2 2 0 1 477 527 528
1503 2 2 0 1 138 137 854
1504 2 2 0 1 70 69 879
1505 2 2 0 1 91 90 816
1506 2 2 0 1 310 315 316
1507 2 2 0 1 260 265 329
1508 2 2 0 1 576 575 631
1509 2 2 0 1 159 158 807
1510 2 2 0 1 910 919 941
1511 2 2 0 1 183 182 989
1512 2 2 0 1 101 100 320
1513 2 2 0 1 86 85 839
1514 2 2 0 1 69 68 269
1515 2 2 0 1 250 254 262
1516 2 2 0 1 656 686 1185
1517 2 2 0 1 245 242 331
1518 2 2 0 1 376 1047 1186
1519 2 2 0 1 97 96 321
1520 2 2 0 1 93 92 372
1521 2 2 0 1 149 148 857
1522 2 2 0 1 678 381 813
1523 2 2 0 1 270 246 1022
1524 2 2 0 1 728 644 1078
1525 2 2 0 1 845 970 971
1526 2 2 0 1 1045 431 1113
1527 2 2 0 1 119 118 910
1528 2 2 0 1 309 310 924
1529 2 2 0 1 646 748 1115
1530 2 2 0 1 544 542 553
1531 2 2 0 1 161 160 292
1532 2 2 0 1 152 151 898
1533 2 2 0 1 28 699 1071
1534 2 2 0 1 156 155 797
1535 2 2 0 1 490 407 491
1536 2 2 0 1 390 385 684
1537 2 2 0 1 134 133 842
1538 2 2 0 1 379 377 949
1539 2 2 0 1 329 574 575
1540 2 2 0 1 959 340 1179
1541 2 2 0 1 127 126 865
1542 2 2 0 1 557 869 1135
1543 2 2 0 1 50 49 1004
1544 2 2 0 1 412 413 442
1545 2 2 0 1 95 94 709
1546 2 2 0 1 1176 732 1179
1547 2 2 0 1 397 399 486
1548 2 2 0 1 88 87 896
1549 2 2 0 1 329 265 574
1550 2 2 0 1 87 86 720
1551 2 2 0 1 151 150 448
1552 2 2 0 1 94 93 883
1553 2 2 0 1 150 149 884
1554 2 2 0 1 228 198 729
1555 2 2 0 1 109 108 322
1556 2 2 0 1 81 80 567
1557 2 2 0 1 8 123 502
1558 2 2 0 1 514 565 1038
1559 2 2 0 1 353 554 940
1560 2 2 0 1 687 688 689
1561 2 2 0 1 237 234 263
1562 2 2 0 1 732 208 1121
1563 2 2 0 1 105 104 319
1564 2 2 0 1 128 127 314
1565 2 2 0 1 513 610 984
1566 2 2 0 1 800 808 929
1567 2 2 0 1 102 101 875
1568 2 2 0 1 658 801 1130
1569 2 2 0 1 980 683 1127
1570 2 2 0 1 100 99 913
1571 2 2 0 1 448 884 1107
1572 2 2 0 1 192 225 763
1573 2 2 0 1 118 117 928
1574 2 2 0 1 103 102 585
1575 2 2 0 1 139 138 871
1576 2 2 0 1 401 403 435
1577 2 2 0 1 606 605 1066
1578 2 2 0 1 870 322 1182
1579 2 2 0 1 645 1115 1120
1580 2 2 0 1 1021 496 1193
1581 2 2 0 1 114 113 867
1582 2 2 0 1 954 721 1142
1583 2 2 0 1 336 1042 1139
1584 2 2 0 1 966 262 1108
1585 2 2 0 1 120 119 499
1586 2 2 0 1 600 558 1106
1587 2 2 0 1 130 129 850
1588 2 2 0 1 584 701 702
1589 2 2 0 1 107 106 563
1590 2 2 0 1 106 105 905
1591 2 2 0 1 142 141 829
1592 2 2 0 1 99 98 704
1593 2 2 0 1 83 82 277
1594 2 2 0 1 710 711 960
1595 2 2 0 1 729 197 752
1596 2 2 0 1 634 932 973
1597 2 2 0 1 608 476 1076
1598 2 2 0 1 634 948 986
1599 2 2 0 1 999 572 1000
1600 2 2 0 1 110 109 901
1601 2 2 0 1 210 18 1065
1602 2 2 0 1 550 925 969
1603 2 2 0 1 232 47 734
1604 2 2 0 1 835 916 1153
1605 2 2 0 1 294 334 992
1606 2 2 0 1 188 224 731
1607 2 2 0 1 212 27 1071
1608 2 2 0 1 37 213 1072
1609 2 2 0 1 874 546 915
1610 2 2 0 1 535 1151 1194
1611 2 2 0 1 140 139 302
1612 2 2 0 1 840 577 1142
1613 2 2 0 1 758 696 997
1614 2 2 0 1 446 449 470
1615 2 2 0 1 141 140 916
1616 2 2 0 1 111 110 559
1617 2 2 0 1 789 791 1095
1618 2 2 0 1 440 1063 1160
1619 2 2 0 1 264 874 1089
1620 2 2 0 1 224 187 783
1621 2 2 0 1 874 490 1089
1622 2 2 0 1 115 114 556
1623 2 2 0 1 225 191 743
1624 2 2 0 1 770 767 1083
1625 2 2 0 1 686 723 1191
1626 2 2 0 1 199 228 727
1627 2 2 0 1 819 776 1133
1628 2 2 0 1 341 956 1008
1629 2 2 0 1 536 391 641
1630 2 2 0 1 540 318 1188
1631 2 2 0 1 796 800 1157
1632 2 2 0 1 530 809 1092
1633 2 2 0 1 1017 482 1117
1634 2 2 0 1 948 589 986
1635 2 2 0 1 562 726 906
1636 2 2 0 1 340 326 987
1637 2 2 0 1 1076 744 1190
1638 2 2 0 1 310 316 924
1639 2 2 0 1 791 790 1070
1640 2 2 0 1 598 921 1158
1641 2 2 0 1 1102 380 1118
1642 2 2 0 1 473 193 763
1643 2 2 0 1 374 353 940
1644 2 2 0 1 415 417 440
1645 2 2 0 1 622 955 956
1646 2 2 0 1 369 370 984
1647 2 2 0 1 206 820 942
1648 2 2 0 1 641 390 1047
1649 2 2 0 1 523 1131 1172
1650 2 2 0 1 1042 610 1139
1651 2 2 0 1 287 955 988
1652 2 2 0 1 317 325 993
1653 2 2 0 1 323 868 1099
1654 2 2 0 1 244 754 755
1655 2 2 0 1 315 1051 1188
1656 2 2 0 1 699 212 1071
1657 2 2 0 1 471 680 1020
1658 2 2 0 1 583 584 945
1659 2 2 0 1 200 727 760
1660 2 2 0 1 262 966 977
1661 2 2 0 1 460 464 465
1662 2 2 0 1 581 580 995
1663 2 2 0 1 676 379 949
1664 2 2 0 1 734 46 761
1665 2 2 0 1 837 798 1107
1666 2 2 0 1 233 201 760
1667 2 2 0 1 274 270 341
1668 2 2 0 1 116 115 917
1669 2 2 0 1 478 189 731
1670 2 2 0 1 196 229 752
1671 2 2 0 1 936 710 960
1672 2 2 0 1 437 444 445
1673 2 2 0 1 769 767 770
1674 2 2 0 1 1129 484 1130
1675 2 2 0 1 190 478 743
1676 2 2 0 1 239 57 742
1677 2 2 0 1 423 426 431
1678 2 2 0 1 500 487 922
1679 2 2 0 1 770 997 1029
1680 2 2 0 1 367 369 725
1681 2 2 0 1 248 180 821
1682 2 2 0 1 236 52 772
1683 2 2 0 1 766 268 767
1684 2 2 0 1 440 1001 1007
1685 2 2 0 1 58 239 793
1686 2 2 0 1 870 559 901
1687 2 2 0 1 746 256 749
1688 2 2 0 1 741 252 1087
1689 2 2 0 1 419 421 425
1690 2 2 0 1 523 750 1131
1691 2 2 0 1 252 173 739
1692 2 2 0 1 327 295 964
1693 2 2 0 1 728 228 1039
1694 2 2 0 1 301 843 853
1695 2 2 0 1 117 116 324
1696 2 2 0 1 244 64 753
1697 2 2 0 1 167 166 1085
1698 2 2 0 1 919 910 928
1699 2 2 0 1 730 342 1145
1700 2 2 0 1 677 374 968
1701 2 2 0 1 858 298 1114
1702 2 2 0 1 53 236 736
1703 2 2 0 1 893 277 894
1704 2 2 0 1 485 459 487
1705 2 2 0 1 1141 655 1180
1706 2 2 0 1 765 766 768
1707 2 2 0 1 685 339 944
1708 2 2 0 1 259 777 779
1709 2 2 0 1 671 539 1038
1710 2 2 0 1 186 526 783
1711 2 2 0 1 301 853 854
1712 2 2 0 1 526 185 781
1713 2 2 0 1 325 659 993
1714 2 2 0 1 445 446 909
1715 2 2 0 1 621 825 1048
1716 2 2 0 1 407 406 957
1717 2 2 0 1 259 774 777
1718 2 2 0 1 870 560 1135
1719 2 2 0 1 6 233 761
1720 2 2 0 1 651 593 654
1721 2 2 0 1 695 691 697
1722 2 2 0 1 796 799 800
1723 2 2 0 1 702 712 945
1724 2 2 0 1 451 453 498
1725 2 2 0 1 827 828 830
1726 2 2 0 1 184 249 781
1727 2 2 0 1 51 508 772
1728 2 2 0 1 745 746 747
1729 2 2 0 1 513 609 610
1730 2 2 0 1 592 506 735
1731 2 2 0 1 56 594 742
1732 2 2 0 1 414 934 1146
1733 2 2 0 1 291 804 805
1734 2 2 0 1 500 922 994
1735 2 2 0 1 174 252 741
1736 2 2 0 1 495 735 1110
1737 2 2 0 1 244 755 756
1738 2 2 0 1 194 473 762
1739 2 2 0 1 436 437 930
1740 2 2 0 1 256 168 751
1741 2 2 0 1 826 964 1170
1742 2 2 0 1 767 268 863
1743 2 2 0 1 229 195 762
1744 2 2 0 1 749 256 751
1745 2 2 0 1 550 969 1166
1746 2 2 0 1 753 63 784
1747 2 2 0 1 776 775 778
1748 2 2 0 1 324 919 928
1749 2 2 0 1 332 317 993
1750 2 2 0 1 828 297 831
1751 2 2 0 1 663 520 667
1752 2 2 0 1 956 341 1050
1753 2 2 0 1 550 358 967
1754 2 2 0 1 344 354 952
1755 2 2 0 1 430 59 793
1756 2 2 0 1 925 967 1180
1757 2 2 0 1 894 277 914
1758 2 2 0 1 338 340 959
1759 2 2 0 1 869 559 870
1760 2 2 0 1 605 966 1066
1761 2 2 0 1 291 805 807
1762 2 2 0 1 966 576 1066
1763 2 2 0 1 265 266 992
1764 2 2 0 1 457 459 485
1765 2 2 0 1 949 377 1013
1766 2 2 0 1 1001 442 1007
1767 2 2 0 1 169 256 745
1768 2 2 0 1 614 211 1069
1769 2 2 0 1 303 307 961
1770 2 2 0 1 283 1012 1022
1771 2 2 0 1 295 299 964
1772 2 2 0 1 312 786 787
1773 2 2 0 1 915 546 1028
1774 2 2 0 1 798 795 898
1775 2 2 0 1 527 668 926
1776 2 2 0 1 481 873 1162
1777 2 2 0 1 932 634 986
1778 2 2 0 1 687 657 688
1779 2 2 0 1 885 433 1079
1780 2 2 0 1 918 917 1037
1781 2 2 0 1 787 974 1070
1782 2 2 0 1 819 529 862
1783 2 2 0 1 266 294 992
1784 2 2 0 1 54 736 780
1785 2 2 0 1 259 163 773
1786 2 2 0 1 898 448 1107
1787 2 2 0 1 65 244 756
1788 2 2 0 1 806 804 808
1789 2 2 0 1 175 741 811
1790 2 2 0 1 857 859 884
1791 2 2 0 1 1100 533 1151
1792 2 2 0 1 830 832 833
1793 2 2 0 1 689 688 694
1794 2 2 0 1 324 918 919
1795 2 2 0 1 485 487 500
1796 2 2 0 1 789 313 790
1797 2 2 0 1 790 313 904
1798 2 2 0 1 832 482 950
1799 2 2 0 1 799 798 837
1800 2 2 0 1 312 787 903
1801 2 2 0 1 857 858 859
1802 2 2 0 1 788 789 792
1803 2 2 0 1 268 72 863
1804 2 2 0 1 253 176 811
1805 2 2 0 1 73 268 765
1806 2 2 0 1 892 893 1104
1807 2 2 0 1 594 55 780
1808 2 2 0 1 994 304 1090
1809 2 2 0 1 965 966 1108
1810 2 2 0 1 377 378 1013
1811 2 2 0 1 745 747 855
1812 2 2 0 1 765 768 814
1813 2 2 0 1 62 429 784
1814 2 2 0 1 979 264 1089
1815 2 2 0 1 467 469 545
1816 2 2 0 1 508 50 1004
1817 2 2 0 1 341 270 1022
1818 2 2 0 1 743 478 744
1819 2 2 0 1 48 232 1132
1820 2 2 0 1 763 225 764
1821 2 2 0 1 774 773 775
1822 2 2 0 1 1064 1045 1161
1823 2 2 0 1 224 783 939
1824 2 2 0 1 827 830 888
1825 2 2 0 1 170 745 855
1826 2 2 0 1 843 841 844
1827 2 2 0 1 1063 1064 1160
1828 2 2 0 1 429 61 794
1829 2 2 0 1 346 338 959
1830 2 2 0 1 796 795 798
1831 2 2 0 1 488 600 601
1832 2 2 0 1 442 413 1007
1833 2 2 0 1 164 259 779
1834 2 2 0 1 172 522 739
1835 2 2 0 1 775 773 864
1836 2 2 0 1 281 278 983
1837 2 2 0 1 226 250 976
1838 2 2 0 1 721 1077 1142
1839 2 2 0 1 179 519 821
1840 2 2 0 1 1115 493 1120
1841 2 2 0 1 582 980 998
1842 2 2 0 1 356 1032 1033
1843 2 2 0 1 286 999 1000
1844 2 2 0 1 727 228 728
1845 2 2 0 1 788 792 865
1846 2 2 0 1 60 430 794
1847 2 2 0 1 249 183 989
1848 2 2 0 1 844 841 889
1849 2 2 0 1 358 349 967
1850 2 2 0 1 299 306 964
1851 2 2 0 1 399 401 982
1852 2 2 0 1 966 605 977
1853 2 2 0 1 1002 547 1073
1854 2 2 0 1 670 572 999
1855 2 2 0 1 181 248 1178
1856 2 2 0 1 383 682 1094
1857 2 2 0 1 635 623 1048
1858 2 2 0 1 542 472 963
1859 2 2 0 1 831 297 834
1860 2 2 0 1 234 230 1003
1861 2 2 0 1 122 312 903
1862 2 2 0 1 290 153 795
1863 2 2 0 1 306 303 961
1864 2 2 0 1 272 78 810
1865 2 2 0 1 291 157 803
1866 2 2 0 1 522 171 855
1867 2 2 0 1 354 381 952
1868 2 2 0 1 229 762 943
1869 2 2 0 1 393 395 991
1870 2 2 0 1 312 121 785
1871 2 2 0 1 773 9 864
1872 2 2 0 1 759 878 1083
1873 2 2 0 1 49 48 1132
1874 2 2 0 1 79 272 902
1875 2 2 0 1 177 253 812
1876 2 2 0 1 330 725 1031
1877 2 2 0 1 937 604 1040
1878 2 2 0 1 446 470 909
1879 2 2 0 1 623 621 1048
1880 2 2 0 1 693 66 756
1881 2 2 0 1 472 483 963
1882 2 2 0 1 384 389 1006
1883 2 2 0 1 938 704 1152
1884 2 2 0 1 648 507 1116
1885 2 2 0 1 519 178 812
1886 2 2 0 1 280 89 815
1887 2 2 0 1 132 305 970
1888 2 2 0 1 1022 1012 1050
1889 2 2 0 1 374 940 968
1890 2 2 0 1 438 393 991
1891 2 2 0 1 405 490 1005
1892 2 2 0 1 578 548 1166
1893 2 2 0 1 972 240 1086
1894 2 2 0 1 307 343 961
1895 2 2 0 1 581 995 996
1896 2 2 0 1 846 845 847
1897 2 2 0 1 125 313 788
1898 2 2 0 1 627 732 1176
1899 2 2 0 1 67 693 877
1900 2 2 0 1 341 1022 1050
1901 2 2 0 1 349 359 967
1902 2 2 0 1 891 932 986
1903 2 2 0 1 71 759 863
1904 2 2 0 1 154 290 802
1905 2 2 0 1 313 124 904
1906 2 2 0 1 428 1021 1193
1907 2 2 0 1 645 646 1115
1908 2 2 0 1 74 765 814
1909 2 2 0 1 301 136 841
1910 2 2 0 1 608 1076 1190
1911 2 2 0 1 298 147 856
1912 2 2 0 1 831 835 836
1913 2 2 0 1 276 7 838
1914 2 2 0 1 538 1029 1194
1915 2 2 0 1 305 131 981
1916 2 2 0 1 856 146 888
1917 2 2 0 1 395 397 990
1918 2 2 0 1 287 281 983
1919 2 2 0 1 306 961 998
1920 2 2 0 1 524 165 779
1921 2 2 0 1 574 265 992
1922 2 2 0 1 1000 572 1181
1923 2 2 0 1 713 441 1146
1924 2 2 0 1 1012 283 1167
1925 2 2 0 1 779 777 1111
1926 2 2 0 1 781 249 782
1927 2 2 0 1 751 167 1085
1928 2 2 0 1 158 291 807
1929 2 2 0 1 561 583 639
1930 2 2 0 1 517 853 1101
1931 2 2 0 1 965 576 966
1932 2 2 0 1 459 460 1015
1933 2 2 0 1 587 730 1145
1934 2 2 0 1 810 77 866
1935 2 2 0 1 841 135 889
1936 2 2 0 1 998 980 1170
1937 2 2 0 1 297 143 834
1938 2 2 0 1 326 284 987
1939 2 2 0 1 90 280 816
1940 2 2 0 1 766 767 769
1941 2 2 0 1 263 973 1086
1942 2 2 0 1 864 162 895
1943 2 2 0 1 844 845 846
1944 2 2 0 1 246 283 1022
1945 2 2 0 1 278 274 1008
1946 2 2 0 1 772 715 1138
1947 2 2 0 1 702 705 712
1948 2 2 0 1 144 297 827
1949 2 2 0 1 269 68 877
1950 2 2 0 1 969 209 1166
1951 2 2 0 1 861 833 950
1952 2 2 0 1 355 953 1018
1953 2 2 0 1 935 388 1057
1954 2 2 0 1 145 827 888
1955 2 2 0 1 830 833 1114
1956 2 2 0 1 795 152 898
1957 2 2 0 1 137 301 854
1958 2 2 0 1 719 822 1164
1959 2 2 0 1 156 797 803
1960 2 2 0 1 425 1045 1064
1961 2 2 0 1 182 181 1178
1962 2 2 0 1 413 415 1007
1963 2 2 0 1 273 75 814
1964 2 2 0 1 817 751 1085
1965 2 2 0 1 437 445 930
1966 2 2 0 1 838 84 892
1967 2 2 0 1 85 276 839
1968 2 2 0 1 244 753 754
1969 2 2 0 1 749 751 817
1970 2 2 0 1 284 287 987
1971 2 2 0 1 557 823 1099
1972 2 2 0 1 148 298 857
1973 2 2 0 1 759 70 879
1974 2 2 0 1 976 262 977
1975 2 2 0 1 403 405 1005
1976 2 2 0 1 91 816 882
1977 2 2 0 1 906 905 1109
1978 2 2 0 1 738 382 1049
1979 2 2 0 1 842 133 970
1980 2 2 0 1 765 268 766
1981 2 2 0 1 252 739 740
1982 2 2 0 1 524 817 1085
1983 2 2 0 1 502 123 903
1984 2 2 0 1 711 718 960
1985 2 2 0 1 1004 49 1132
1986 2 2 0 1 159 807 886
1987 2 2 0 1 372 92 882
1988 2 2 0 1 567 80 902
1989 2 2 0 1 815 88 896
1990 2 2 0 1 516 744 1076
1991 2 2 0 1 984 610 1042
1992 2 2 0 1 19 927 1065
1993 2 2 0 1 76 273 866
1994 2 2 0 1 747 746 748
1995 2 2 0 1 321 96 880
1996 2 2 0 1 161 292 895
1997 2 2 0 1 292 160 886
1998 2 2 0 1 252 740 1087
1999 2 2 0 1 361 947 1027
2000 2 2 0 1 830 828 832
2001 2 2 0 1 539 536 1019
2002 2 2 0 1 134 842 889
2003 2 2 0 1 980 826 1170
2004 2 2 0 1 323 112 868
2005 2 2 0 1 1061 501 1174
2006 2 2 0 1 797 155 802
2007 2 2 0 1 257 965 1108
2008 2 2 0 1 69 269 879
2009 2 2 0 1 989 182 1178
2010 2 2 0 1 126 788 865
2011 2 2 0 1 95 709 880
2012 2 2 0 1 120 499 785
2013 2 2 0 1 97 321 912
2014 2 2 0 1 1063 425 1064
2015 2 2 0 1 771 538 985
2016 2 2 0 1 805 804 806
2017 2 2 0 1 934 528 1146
2018 2 2 0 1 250 262 976
2019 2 2 0 1 166 524 1085
2020 2 2 0 1 774 775 776
2021 2 2 0 1 1001 440 1160
2022 2 2 0 1 8 502 904
2023 2 2 0 1 343 309 1002
2024 2 2 0 1 640 976 977
2025 2 2 0 1 745 256 746
2026 2 2 0 1 130 850 981
2027 2 2 0 1 230 632 1003
2028 2 2 0 1 553 542 963
2029 2 2 0 1 720 86 839
2030 2 2 0 1 825 202 1048
2031 2 2 0 1 455 457 1024
2032 2 2 0 1 987 287 988
2033 2 2 0 1 975 249 989
2034 2 2 0 1 596 1064 1161
2035 2 2 0 1 93 372 883
2036 2 2 0 1 997 696 1165
2037 2 2 0 1 149 857 884
2038 2 2 0 1 263 234 1003
2039 2 2 0 1 142 829 834
2040 2 2 0 1 375 684 1177
2041 2 2 0 1 486 399 982
2042 2 2 0 1 990 681 991
2043 2 2 0 1 833 832 950
2044 2 2 0 1 782 249 975
2045 2 2 0 1 309 924 1002
2046 2 2 0 1 101 320 875
2047 2 2 0 1 113 323 867
2048 2 2 0 1 151 448 898
2049 2 2 0 1 859 858 860
2050 2 2 0 1 342 216 1145
2051 2 2 0 1 647 625 1176
2052 2 2 0 1 322 108 900
2053 2 2 0 1 81 567 914
2054 2 2 0 1 528 713 1146
2055 2 2 0 1 319 104 908
2056 2 2 0 1 138 854 871
2057 2 2 0 1 655 925 1180
2058 2 2 0 1 460 465 1015
2059 2 2 0 1 320 100 913
2060 2 2 0 1 401 435 982
2061 2 2 0 1 87 720 896
2062 2 2 0 1 709 94 883
2063 2 2 0 1 487 459 1015
2064 2 2 0 1 128 314 911
2065 2 2 0 1 884 859 1107
2066 2 2 0 1 974 1124 1125
2067 2 2 0 1 806 808 809
2068 2 2 0 1 448 150 884
2069 2 2 0 1 697 1056 1100
2070 2 2 0 1 314 127 865
2071 2 2 0 1 800 799 801
2072 2 2 0 1 921 597 1035
2073 2 2 0 1 103 585 908
2074 2 2 0 1 665 663 1091
2075 2 2 0 1 700 906 1109
2076 2 2 0 1 83 277 892
2077 2 2 0 1 704 98 912
2078 2 2 0 1 491 979 1089
2079 2 2 0 1 846 847 848
2080 2 2 0 1 722 568 1062
2081 2 2 0 1 240 237 1086
2082 2 2 0 1 576 631 1066
2083 2 2 0 1 796 798 799
2084 2 2 0 1 1021 688 1096
2085 2 2 0 1 565 671 1038
2086 2 2 0 1 696 695 1165
2087 2 2 0 1 625 635 1067
2088 2 2 0 1 107 563 900
2089 2 2 0 1 850 129 911
2090 2 2 0 1 715 648 1116
2091 2 2 0 1 277 82 914
2092 2 2 0 1 919 918 920
2093 2 2 0 1 1040 604 1149
2094 2 2 0 1 695 697 1100
2095 2 2 0 1 425 1044 1045
2096 2 2 0 1 800 929 1157
2097 2 2 0 1 1013 378 1127
2098 2 2 0 1 916 302 1153
2099 2 2 0 1 397 486 990
2100 2 2 0 1 585 102 875
2101 2 2 0 1 111 559 868
2102 2 2 0 1 530 1092 1147
2103 2 2 0 1 787 786 974
2104 2 2 0 1 897 719 1164
2105 2 2 0 1 470 449 1023
2106 2 2 0 1 863 759 1083
2107 2 2 0 1 105 319 905
2108 2 2 0 1 798 898 1107
2109 2 2 0 1 435 403 1005
2110 2 2 0 1 789 790 791
2111 2 2 0 1 259 773 774
2112 2 2 0 1 109 322 901
2113 2 2 0 1 827 297 828
2114 2 2 0 1 674 962 1163
2115 2 2 0 1 262 254 1108
2116 2 2 0 1 99 704 913
2117 2 2 0 1 362 947 1018
2118 2 2 0 1 788 313 789
2119 2 2 0 1 389 438 1006
2120 2 2 0 1 810 866 962
2121 2 2 0 1 364 367 1036
2122 2 2 0 1 868 869 1099
2123 2 2 0 1 563 106 905
2124 2 2 0 1 372 882 1053
2125 2 2 0 1 449 451 1023
2126 2 2 0 1 499 119 910
2127 2 2 0 1 816 280 822
2128 2 2 0 1 974 786 1124
2129 2 2 0 1 302 139 871
2130 2 2 0 1 237 263 1086
2131 2 2 0 1 1032 1016 1033
2132 2 2 0 1 750 818 1131
2133 2 2 0 1 663 667 1091
2134 2 2 0 1 290 795 796
2135 2 2 0 1 291 803 804
2136 2 2 0 1 485 500 1025
2137 2 2 0 1 415 440 1007
2138 2 2 0 1 823 555 1037
2139 2 2 0 1 657 653 1096
2140 2 2 0 1 301 841 843
2141 2 2 0 1 985 538 1183
2142 2 2 0 1 1024 1025 1026
2143 2 2 0 1 233 760 1052
2144 2 2 0 1 570 957 1137
2145 2 2 0 1 556 114 867
2146 2 2 0 1 829 141 916
2147 2 2 0 1 837 484 1129
2148 2 2 0 1 498 1010 1023
2149 2 2 0 1 1055 694 1057
2150 2 2 0 1 932 972 973
2151 2 2 0 1 839 276 840
2152 2 2 0 1 691 689 1055
2153 2 2 0 1 964 306 1170
2154 2 2 0 1 559 110 901
2155 2 2 0 1 1024 485 1025
2156 2 2 0 1 596 1161 1173
2157 2 2 0 1 140 302 916
2158 2 2 0 1 312 785 786
2159 2 2 0 1 442 1001 1181
2160 2 2 0 1 365 946 1168
2161 2 2 0 1 465 464 1043
2162 2 2 0 1 815 896 897
2163 2 2 0 1 423 431 1044
2164 2 2 0 1 895 292 951
2165 2 2 0 1 736 236 1105
2166 2 2 0 1 689 694 1055
2167 2 2 0 1 274 341 1008
2168 2 2 0 1 239 742 1075
2169 2 2 0 1 254 257 1108
2170 2 2 0 1 536 641 1019
2171 2 2 0 1 910 118 928
2172 2 2 0 1 511 936 960
2173 2 2 0 1 973 972 1086
2174 2 2 0 1 302 871 872
2175 2 2 0 1 962 673 1195
2176 2 2 0 1 857 298 858
2177 2 2 0 1 395 990 991
2178 2 2 0 1 797 802 929
2179 2 2 0 1 970 305 971
2180 2 2 0 1 688 657 1096
2181 2 2 0 1 1035 595 1161
2182 2 2 0 1 694 688 1021
2183 2 2 0 1 892 277 893
2184 2 2 0 1 421 423 1044
2185 2 2 0 1 464 467 1043
2186 2 2 0 1 1046 480 1162
2187 2 2 0 1 983 278 1008
2188 2 2 0 1 660 296 1082
2189 2 2 0 1 321 880 881
2190 2 2 0 1 548 550 1166
2191 2 2 0 1 767 863 1083
2192 2 2 0 1 419 425 1063
2193 2 2 0 1 940 554 1121
2194 2 2 0 1 705 707 1041
2195 2 2 0 1 343 1002 1073
2196 2 2 0 1 225 743 1060
2197 2 2 0 1 490 491 1089
2198 2 2 0 1 417 419 1063
2199 2 2 0 1 763 764 1112
2200 2 2 0 1 115 556 917
2201 2 2 0 1 510 630 1143
2202 2 2 0 1 783 526 1034
2203 2 2 0 1 875 320 876
2204 2 2 0 1 366 946 1027
2205 2 2 0 1 1092 658 1184
2206 2 2 0 1 817 524 1111
2207 2 2 0 1 820 638 1149
2208 2 2 0 1 950 482 1017
2209 2 2 0 1 1148 463 1192
2210 2 2 0 1 453 455 1054
2211 2 2 0 1 625 1067 1176
2212 2 2 0 1 913 704 938
2213 2 2 0 1 433 885 1084
2214 2 2 0 1 667 494 1159
2215 2 2 0 1 695 1100 1165
2216 2 2 0 1 631 575 1118
2217 2 2 0 1 850 911 958
2218 2 2 0 1 499 910 941
2219 2 2 0 1 473 763 1112
2220 2 2 0 1 725 369 1030
2221 2 2 0 1 540 1016 1032
2222 2 2 0 1 117 324 928
2223 2 2 0 1 529 819 1133
2224 2 2 0 1 739 522 1009
2225 2 2 0 1 553 963 1084
2226 2 2 0 1 731 224 1123
2227 2 2 0 1 808 800 1074
2228 2 2 0 1 1046 517 1101
2229 2 2 0 1 848 531 1136
2230 2 2 0 1 492 1144 1148
2231 2 2 0 1 921 1035 1113
2232 2 2 0 1 425 421 1044
2233 2 2 0 1 457 485 1024
2234 2 2 0 1 426 436 1059
2235 2 2 0 1 955 624 988
2236 2 2 0 1 1030 984 1042
2237 2 2 0 1 440 417 1063
2238 2 2 0 1 248 821 1122
2239 2 2 0 1 697 691 1055
2240 2 2 0 1 324 116 917
2241 2 2 0 1 868 559 869
2242 2 2 0 1 644 1052 1078
2243 2 2 0 1 14 1067 1189
2244 2 2 0 1 907 700 1109
2245 2 2 0 1 367 725 1036
2246 2 2 0 1 369 984 1030
2247 2 2 0 1 743 744 1060
2248 2 2 0 1 224 939 1123
2249 2 2 0 1 1010 470 1023
2250 2 2 0 1 431 426 1059
2251 2 2 0 1 302 872 1153
2252 2 2 0 1 651 654 1196
2253 2 2 0 1 1061 466 1144
2254 2 2 0 1 469 488 1097
2255 2 2 0 1 853 843 1101
2256 2 2 0 1 1124 497 1125
2257 2 2 0 1 451 498 1023
2258 2 2 0 1 1047 375 1186
2259 2 2 0 1 324 917 918
2260 2 2 0 1 288 978 1028
2261 2 2 0 1 666 975 989
2262 2 2 0 1 781 782 1098
2263 2 2 0 1 752 229 1081
2264 2 2 0 1 939 783 1034
2265 2 2 0 1 764 225 1060
2266 2 2 0 1 1026 498 1054
2267 2 2 0 1 496 1021 1096
2268 2 2 0 1 760 727 1078
2269 2 2 0 1 500 994 1090
2270 2 2 0 1 436 930 1158
2271 2 2 0 1 529 1133 1147
2272 2 2 0 1 744 478 1190
2273 2 2 0 1 762 473 1154
2274 2 2 0 1 467 545 1043
2275 2 2 0 1 452 1017 1117
2276 2 2 0 1 1025 337 1026
2277 2 2 0 1 943 762 1154
2278 2 2 0 1 653 651 1196
2279 2 2 0 1 1139 376 1186
2280 2 2 0 1 306 998 1170
2281 2 2 0 1 445 909 1068
2282 2 2 0 1 558 561 1106
2283 2 2 0 1 498 453 1054
2284 2 2 0 1 1028 978 1093
2285 2 2 0 1 537 985 1183
2286 2 2 0 1 618 1012 1167
2287 2 2 0 1 356 953 1088
2288 2 2 0 1 1125 468 1174
2289 2 2 0 1 236 772 1138
2290 2 2 0 1 1030 373 1031
2291 2 2 0 1 447 1130 1150
2292 2 2 0 1 915 1028 1093
2293 2 2 0 1 337 1025 1090
2294 2 2 0 1 488 601 1097
2295 2 2 0 1 740 739 1009
2296 2 2 0 1 229 943 1081
2297 2 2 0 1 869 870 1135
2298 2 2 0 1 809 808 1074
2299 2 2 0 1 957 412 1137
2300 2 2 0 1 1052 760 1078
2301 2 2 0 1 930 445 1068
2302 2 2 0 1 412 442 1137
2303 2 2 0 1 526 781 1098
2304 2 2 0 1 1131 474 1172
2305 2 2 0 1 1012 620 1050
2306 2 2 0 1 780 736 1169
2307 2 2 0 1 725 1030 1031
2308 2 2 0 1 637 1013 1127
2309 2 2 0 1 545 469 1097
2310 2 2 0 1 1056 533 1100
2311 2 2 0 1 1125 497 1126
2312 2 2 0 1 727 728 1078
2313 2 2 0 1 941 497 1124
2314 2 2 0 1 905 319 1109
2315 2 2 0 1 478 731 1190
2316 2 2 0 1 1024 1026 1054
2317 2 2 0 1 712 705 1041
2318 2 2 0 1 801 1129 1130
2319 2 2 0 1 974 501 1070
2320 2 2 0 1 1096 653 1196
2321 2 2 0 1 822 717 1175
2322 2 2 0 1 1067 627 1176
2323 2 2 0 1 880 709 1080
2324 2 2 0 1 594 780 1187
2325 2 2 0 1 430 793 1185
2326 2 2 0 1 1059 436 1158
2327 2 2 0 1 373 1030 1042
2328 2 2 0 1 794 430 1191
2329 2 2 0 1 535 997 1165
2330 2 2 0 1 455 1024 1054
2331 2 2 0 1 1105 236 1138
2332 2 2 0 1 799 837 1129
2333 2 2 0 1 561 639 1106
2334 2 2 0 1 911 314 1103
2335 2 2 0 1 1151 534 1194
2336 2 2 0 1 649 1105 1138
2337 2 2 0 1 852 958 1103
2338 2 2 0 1 322 900 1182
2339 2 2 0 1 1161 595 1173
2340 2 2 0 1 714 1004 1132
2341 2 2 0 1 736 1105 1169
2342 2 2 0 1 997 535 1029
2343 2 2 0 1 1064 596 1160
2344 2 2 0 1 967 359 1180
2345 2 2 0 1 946 365 1027
2346 2 2 0 1 800 801 1074
2347 2 2 0 1 731 1123 1190
2348 2 2 0 1 666 989 1178
2349 2 2 0 1 473 1112 1154
2350 2 2 0 1 947 361 1018
2351 2 2 0 1 1183 538 1194
2352 2 2 0 1 1051 540 1188
2353 2 2 0 1 802 290 1157
2354 2 2 0 1 1034 526 1098
2355 2 2 0 1 866 273 1163
2356 2 2 0 1 1053 882 1175
2357 2 2 0 1 815 897 1164
2358 2 2 0 1 1001 1000 1181
2359 2 2 0 1 881 880 1080
2360 2 2 0 1 280 815 1164
2361 2 2 0 1 1067 635 1189
2362 2 2 0 1 958 911 1103
2363 2 2 0 1 780 1169 1187
2364 2 2 0 1 801 799 1129
2365 2 2 0 1 962 866 1163
2366 2 2 0 1 466 1061 1174
2367 2 2 0 1 750 817 1111
2368 2 2 0 1 953 355 1088
2369 2 2 0 1 882 816 1175
2370 2 2 0 1 290 796 1157
2371 2 2 0 1 822 280 1164
2372 2 2 0 1 929 802 1157
2373 2 2 0 1 1076 476 1155
2374 2 2 0 1 1092 443 1147
2375 2 2 0 1 1025 500 1090
2376 2 2 0 1 516 1076 1155
2377 2 2 0 1 709 883 1197
2378 2 2 0 1 816 822 1175
2379 2 2 0 1 430 1185 1191
2380 2 2 0 1 336 1139 1186
2381 2 2 0 1 1144 463 1148
2382 2 2 0 1 668 1034 1098
2383 2 2 0 1 496 1096 1196
2384 2 2 0 1 1080 709 1197
2385 2 2 0 1 1123 608 1190
2386 2 2 0 1 468 1125 1126
2387 2 2 0 1 1112 680 1154
2388 2 2 0 1 443 1092 1184
2389 2 2 0 1 534 1183 1194
2390 2 2 0 1 717 1053 1175
2391 2 2 0 1 1169 650 1187
2392 2 2 0 1 1185 686 1191
2393 2 2 0 1 876 320 913
2394 2 2 0 1 659 363 944
2395 2 2 0 1 883 372 1053
2396 2 2 0 1 718 515 1128
2397 2 2 0 1 1033 545 1097
2398 2 2 0 1 639 583 945
2399 2 2 0 1 585 875 876
2400 2 2 0 1 803 797 929
2401 2 2 0 1 843 844 846
