1 0 0 0
2 10 0 0
3 10 10 0
4 0 10 0
5 5 5 0
6 4.5 5 0
7 5 4.5 0
8 5.5 5 0
9 5 5.5 0
10 0.9999999999991893 0 0
11 1.999999999996827 0 0
12 2.99999999999391 0 0
13 3.999999999991027 0 0
14 4.999999999992411 0 0
15 5.999999999993932 0 0
16 6.999999999995455 0 0
17 7.999999999996978 0 0
18 8.99999999999849 0 0
19 10 0.9999999999991893 0
20 10 1.999999999996827 0
21 10 2.99999999999391 0
22 10 3.999999999991027 0
23 10 4.999999999992411 0
24 10 5.999999999993932 0
25 10 6.999999999995455 0
26 10 7.999999999996978 0
27 10 8.99999999999849 0
28 8.999999999999998 10 0
29 7.999999999999996 10 0
30 6.999999999999994 10 0
31 5.999999999999991 10 0
32 4.999999999999989 10 0
33 3.999999999999988 10 0
34 2.999999999999985 10 0
35 1.999999999999982 10 0
36 0.9999999999999911 10 0
37 0 8.999999999999998 0
38 0 7.999999999999996 0
39 0 6.999999999999994 0
40 0 5.999999999999991 0
41 0 4.999999999999989 0
42 0 3.999999999999988 0
43 0 2.999999999999985 0
44 0 1.999999999999982 0
45 0 0.9999999999999911 0
46 4.500385481877983 4.980370092162597 0
47 4.501541333130534 4.960770452172947 0
48 4.503465771515819 4.94123130132784 0
49 4.506155829718844 4.921782767376255 0
50 4.509607359871795 4.902454838622876 0
51 4.513815039948121 4.883277317459917 0
52 4.518772381993785 4.864279774285243 0
53 4.524471742204509 4.845491501728918 0
54 4.530904332449373 4.826941470348233 0
55 4.53806023421714 4.808658282676055 0
56 4.545928413654387 4.790670130001525 0
57 4.554496738485522 4.77300474899249 0
58 4.563751997067894 4.75568937817248 0
59 4.573679918616959 4.738750716346328 0
60 4.584265194655231 4.722214882283181 0
61 4.595491503626815 4.706107372732991 0
62 4.60734153543337 4.690453024236746 0
63 4.619797018222964 4.675275974637154 0
64 4.632838746378611 4.660599626047392 0
65 4.646446610434766 4.646446608378686 0
66 4.660599628193008 4.632838744395223 0
67 4.675275976733513 4.619797016432504 0
68 4.690453026351469 4.607341533766257 0
69 4.706107374684982 4.595491502208611 0
70 4.722214884201513 4.584265193373443 0
71 4.738750718217936 4.573679917470035 0
72 4.755689379851887 4.563751996127381 0
73 4.773004750663065 4.554496737634321 0
74 4.790670131684083 4.545928412878717 0
75 4.808658284262957 4.538060233559824 0
76 4.826941471845546 4.530904331896985 0
77 4.845491503112295 4.524471741755023 0
78 4.864279775457309 4.518772381663228 0
79 4.883277318568939 4.513815039681869 0
80 4.902454839537293 4.509607359689906 0
81 4.921782767912785 4.506155829633866 0
82 4.941231301713056 4.503465771470226 0
83 4.960770452456612 4.501541333108209 0
84 4.980370092386015 4.500385481869206 0
85 5.019629907837403 4.500385481877983 0
86 5.039229547827053 4.501541333130534 0
87 5.05876869867216 4.503465771515819 0
88 5.078217232623745 4.506155829718844 0
89 5.097545161377124 4.509607359871795 0
90 5.116722682540083 4.513815039948121 0
91 5.135720225714757 4.518772381993785 0
92 5.154508498271082 4.524471742204509 0
93 5.173058529651767 4.530904332449373 0
94 5.191341717323945 4.53806023421714 0
95 5.209329869998475 4.545928413654387 0
96 5.22699525100751 4.554496738485522 0
97 5.24431062182752 4.563751997067894 0
98 5.261249283653672 4.573679918616959 0
99 5.277785117716819 4.584265194655231 0
100 5.293892627267009 4.595491503626815 0
101 5.309546975763254 4.60734153543337 0
102 5.324724025362846 4.619797018222964 0
103 5.339400373952608 4.632838746378611 0
104 5.353553391621314 4.646446610434766 0
105 5.367161255604777 4.660599628193008 0
106 5.380202983567496 4.675275976733513 0
107 5.392658466233743 4.690453026351469 0
108 5.404508497791389 4.706107374684982 0
109 5.415734806626557 4.722214884201513 0
110 5.426320082529965 4.738750718217936 0
111 5.436248003872619 4.755689379851887 0
112 5.445503262365679 4.773004750663065 0
113 5.454071587121283 4.790670131684083 0
114 5.461939766440176 4.808658284262957 0
115 5.469095668103015 4.826941471845546 0
116 5.475528258244977 4.845491503112295 0
117 5.481227618336772 4.864279775457309 0
118 5.486184960318131 4.883277318568939 0
119 5.490392640310094 4.902454839537293 0
120 5.493844170366134 4.921782767912785 0
121 5.496534228529774 4.941231301713056 0
122 5.498458666891791 4.960770452456612 0
123 5.499614518130794 4.980370092386015 0
124 5.499614518122017 5.019629907837403 0
125 5.498458666869466 5.039229547827053 0
126 5.496534228484181 5.05876869867216 0
127 5.493844170281156 5.078217232623745 0
128 5.490392640128205 5.097545161377124 0
129 5.486184960051879 5.116722682540083 0
130 5.481227618006215 5.135720225714757 0
131 5.475528257795491 5.154508498271082 0
132 5.469095667550627 5.173058529651767 0
133 5.46193976578286 5.191341717323945 0
134 5.454071586345613 5.209329869998475 0
135 5.445503261514478 5.22699525100751 0
136 5.436248002932106 5.24431062182752 0
137 5.426320081383041 5.261249283653672 0
138 5.415734805344769 5.277785117716819 0
139 5.404508496373185 5.293892627267009 0
140 5.39265846456663 5.309546975763254 0
141 5.380202981777036 5.324724025362846 0
142 5.367161253621389 5.339400373952608 0
143 5.353553389565234 5.353553391621314 0
144 5.339400371806992 5.367161255604777 0
145 5.324724023266487 5.380202983567496 0
146 5.309546973648531 5.392658466233743 0
147 5.293892625315018 5.404508497791389 0
148 5.277785115798487 5.415734806626557 0
149 5.261249281782064 5.426320082529965 0
150 5.244310620148113 5.436248003872619 0
151 5.226995249336935 5.445503262365679 0
152 5.209329868315917 5.454071587121283 0
153 5.191341715737043 5.461939766440176 0
154 5.173058528154454 5.469095668103015 0
155 5.154508496887705 5.475528258244977 0
156 5.135720224542691 5.481227618336772 0
157 5.116722681431061 5.486184960318131 0
158 5.097545160462707 5.490392640310094 0
159 5.078217232087215 5.493844170366134 0
160 5.058768698286944 5.496534228529774 0
161 5.039229547543388 5.498458666891791 0
162 5.019629907613985 5.499614518130794 0
163 4.980370092162597 5.499614518122017 0
164 4.960770452172947 5.498458666869466 0
165 4.94123130132784 5.496534228484181 0
166 4.921782767376255 5.493844170281156 0
167 4.902454838622876 5.490392640128205 0
168 4.883277317459917 5.486184960051879 0
169 4.864279774285243 5.481227618006215 0
170 4.845491501728918 5.475528257795491 0
171 4.826941470348233 5.469095667550627 0
172 4.808658282676055 5.46193976578286 0
173 4.790670130001525 5.454071586345613 0
174 4.77300474899249 5.445503261514478 0
175 4.75568937817248 5.436248002932106 0
176 4.738750716346328 5.426320081383041 0
177 4.722214882283181 5.415734805344769 0
178 4.706107372732991 5.404508496373185 0
179 4.690453024236746 5.39265846456663 0
180 4.675275974637154 5.380202981777036 0
181 4.660599626047392 5.367161253621389 0
182 4.646446608378686 5.353553389565234 0
183 4.632838744395223 5.339400371806992 0
184 4.619797016432504 5.324724023266487 0
185 4.607341533766257 5.309546973648531 0
186 4.595491502208611 5.293892625315018 0
187 4.584265193373443 5.277785115798487 0
188 4.573679917470035 5.261249281782064 0
189 4.563751996127381 5.244310620148113 0
190 4.554496737634321 5.226995249336935 0
191 4.545928412878717 5.209329868315917 0
192 4.538060233559824 5.191341715737043 0
193 4.530904331896985 5.173058528154454 0
194 4.524471741755023 5.154508496887705 0
195 4.518772381663228 5.135720224542691 0
196 4.513815039681869 5.116722681431061 0
197 4.509607359689906 5.097545160462707 0
198 4.506155829633866 5.078217232087215 0
199 4.503465771470226 5.058768698286944 0
200 4.501541333108209 5.039229547543388 0
201 4.500385481869206 5.019629907613985 0
202 3.635195944287476 0.7222357001995878 0
203 9.225682698569358 3.500127740218185 0
204 0.8856845558584628 6.440219915478442 0
205 6.502482558709965 9.093386414448796 0
206 3.423379643416566 9.238675911949194 0
207 0.8660254037844405 3.499999999999986 0
208 6.457463875946943 0.7455626430039374 0
209 9.219586686157038 6.509847625295708 0
210 8.466889439199608 0.8948730948146175 0
211 0.8768394324782429 1.588795059213123 0
212 9.246996489572577 8.476665397932027 0
213 0.9224930700571219 8.440742616527119 0
214 0.8284873996371074 7.439903766859112 0
215 1.573096729947002 6.974129259034855 0
216 1.663254319795564 6.232137103731043 0
217 2.208671730318916 6.625458810059681 0
218 2.24034818729272 6.00340059510871 0
219 2.70747791332913 6.333246806335101 0
220 2.735436174114828 5.790795011763162 0
221 3.093235699278414 6.060357061730116 0
222 3.12491665634428 5.658984455649976 0
223 3.451488321188319 5.836218397142354 0
224 4.564287387358588 5.278930028401222 0
225 4.525784494980234 5.20755492674618 0
226 3.433458950081179 6.184977897468768 0
227 3.419807954490628 5.509883649776364 0
228 4.486492393090193 5.07144753698189 0
229 4.499068352266818 5.130840124431983 0
230 3.17866887242982 5.336214433312849 0
231 3.442400564281523 5.227286336541744 0
232 4.486772142806218 4.945298832252213 0
233 4.480500873473514 5.010286769389596 0
234 3.220324060151718 5.049806874604475 0
235 3.519116521094756 4.950706127403366 0
236 4.505350940947427 4.849949847332447 0
237 3.263403676303382 4.76737451874679 0
238 3.52411075703942 4.661400695976624 0
239 4.540995012543941 4.754752662867533 0
240 3.287820253741044 4.479582437663688 0
241 3.581058618825252 4.360835389738463 0
242 3.301498157186787 4.16869150492513 0
243 3.605200418307171 4.026141216868113 0
244 4.627385805565379 4.641738361249164 0
245 3.339189825204657 3.82002222216255 0
246 3.673907934579107 3.68350536154848 0
247 3.706261509364085 6.024734645059198 0
248 4.651569081082997 5.386306045083401 0
249 4.613309221287755 5.344570205491867 0
250 3.717240259471881 6.327882795550197 0
251 3.983550854610951 6.127998817862335 0
252 4.773111062516803 5.466241956355622 0
253 4.722347841571318 5.434188723349514 0
254 3.991338738343784 6.456037062859778 0
255 4.260916040355391 6.265235707725326 0
256 4.870107156250808 5.501785887566865 0
257 4.253541706794135 6.598713119101761 0
258 4.545643621687314 6.394806592187799 0
259 4.969569275621919 5.51601037860039 0
260 4.521538653329861 6.759227016716275 0
261 4.81707174450113 6.576209590989954 0
262 3.729091775693263 6.647325765860944 0
263 2.962662870911244 4.878022902490629 0
264 3.663159451761925 5.384665404466483 0
265 4.824788933660346 6.919719475088945 0
266 5.112429176850096 6.7319835270964 0
267 3.921599649988421 3.934522850932547 0
268 4.754860729199168 4.543444907904762 0
269 4.687941744838838 4.582867801812009 0
270 3.99437827953343 3.575515745881154 0
271 4.229436703466502 3.772861141234045 0
272 4.870012926629717 4.501400957287101 0
273 4.81027394738924 4.51877490380263 0
274 4.304058902997772 3.459815376743367 0
275 4.556679649216227 3.7261166943698 0
276 5.010148791015832 4.483192742174634 0
277 4.947443289925159 4.48374843814151 0
278 4.618972187454974 3.355328617352801 0
279 4.858165715269388 3.566257788808065 0
280 5.111114594140325 4.494143575908184 0
281 4.927683338555323 3.235527403749665 0
282 5.190497468241166 3.495373038745255 0
283 3.338278816587787 3.428370003593943 0
284 5.259275436562199 3.107637050663517 0
285 5.534988672041699 3.344786652531644 0
286 4.223617195296826 6.022247770280076 0
287 4.967518802896997 2.850392423942734 0
288 3.728733727146618 4.79567969306921 0
289 5.067531003207252 6.412643481713797 0
290 5.188648328103988 5.482330690058622 0
291 5.110777878695817 5.504897020585483 0
292 5.052091438277341 5.517691323353944 0
293 5.391741057660599 6.498565563792092 0
294 5.43465120960467 6.894332360998989 0
295 5.731712917417146 6.661135369630991 0
296 5.673482862298934 6.291203024304714 0
297 5.360273562041433 5.372984055610226 0
298 5.29779297551655 5.425636133811468 0
299 6.017517813413333 6.430987273823573 0
300 5.980034375985277 6.0765549826289 0
301 5.445953353353414 5.261377784861331 0
302 5.413318178301067 5.31357597631302 0
303 6.296447173150981 6.205853834221019 0
304 6.236339088870753 5.83709498360717 0
305 5.485693694249644 5.170482918234189 0
306 6.370442396080009 6.574246047935608 0
307 6.566324333195777 5.979653400940208 0
308 6.527280548728301 5.632276049444386 0
309 6.859898331684944 5.754774770421332 0
310 6.797274178382731 5.389942999842128 0
311 6.43524853473467 5.313431793300448 0
312 5.516298036603047 4.950647680056754 0
313 5.517543799964287 5.029361225467539 0
314 5.508856882453335 5.090870309785115 0
315 6.700261925111795 5.086635096192484 0
316 7.092980294661761 5.134643143371088 0
317 6.924954179952768 4.76081340654729 0
318 6.538521157189638 4.595294613338474 0
319 5.372614196527476 4.641738363417215 0
320 5.312175149263947 4.591114083431367 0
321 5.243668225460879 4.544128816784779 0
322 5.424071164609953 4.704438860823594 0
323 5.463270325671807 4.774018307600755 0
324 5.497248325735371 4.850914636419187 0
325 6.858401463423413 4.321897563207712 0
326 5.625370699513991 2.948687278733407 0
327 5.794983230441287 7.068502162763922 0
328 4.196423590577851 4.056599438331024 0
329 4.499696536595861 7.13530609168415 0
330 5.459218409307232 3.704326385320343 0
331 2.89998737854903 3.98405050455153 0
332 7.429364332549346 4.834460429312618 0
333 7.544293112991782 5.301119656232595 0
334 5.367084040804783 7.344987882968084 0
335 5.946499718087757 3.220144873824106 0
336 4.83351399156581 3.818340196807733 0
337 5.915535795607784 5.786497378874099 0
338 6.046954754251917 2.776778731845014 0
339 6.414532205680253 3.08677708236248 0
340 5.629569945752073 2.425311677918363 0
341 4.051572537978486 3.230756579471007 0
342 1.813003650796621 5.624298585293793 0
343 6.923843729749029 6.134982766137438 0
344 6.450920348581634 4.23929506833664 0
345 6.2497006578502 4.520502729857272 0
346 6.540306957189594 2.569372765493005 0
347 6.965811761448441 2.940964714136566 0
348 2.203618465322836 7.326637143474466 0
349 7.929908146887097 4.960124778897441 0
350 7.825586023777797 4.435437490513243 0
351 5.874180951597748 7.546191245482087 0
352 5.427996052659663 7.871289132857878 0
353 7.097834535845184 2.349802739808334 0
354 6.091124829615677 4.237463500983859 0
355 5.889245430258992 4.37559360747436 0
356 5.909863696580183 4.685711970530528 0
357 7.589267154242887 2.773704082145485 0
358 8.058868073467966 5.50190257843438 0
359 8.346217838210688 4.536722332774354 0
360 5.796899436971586 4.175350996633228 0
361 5.643178205278268 4.296978503214191 0
362 5.67519057710095 4.563198706602507 0
363 6.637637542373902 3.91184977320164 0
364 5.565653860356115 4.140644803795412 0
365 5.445778802703033 4.241821590560996 0
366 5.491149909655592 4.433704038135277 0
367 5.380938935902823 4.118100020876521 0
368 5.24677197459233 4.217356487873612 0
369 5.220454747961116 4.067896994051694 0
370 5.125034311628719 4.208377425100422 0
371 5.319739400480236 4.370928813947637 0
372 5.166807858211849 4.513019942663565 0
373 5.049931614684255 3.742721992232206 0
374 7.744055436264368 2.102013224503899 0
375 4.533817035445034 3.945439139667935 0
376 4.730968764365619 4.093012836516282 0
377 5.941661399438573 8.093063726163317 0
378 6.373624202112403 7.713166604588384 0
379 5.456086813709442 8.437979624201358 0
380 4.922244391315807 8.186930690245761 0
381 5.979078373586928 3.894057753564656 0
382 8.294798759693288 2.57217877502826 0
383 3.98545222982334 4.215932643796377 0
384 4.169304160303178 4.29880820056359 0
385 4.343263110474114 4.256725268654134 0
386 4.3064955643042 4.415002299193419 0
387 4.479529583296612 4.342995505314664 0
388 4.426370221327616 4.48469957307169 0
389 4.158444996860841 4.472624887004507 0
390 4.503530781488164 4.21093278288077 0
391 4.594046634240891 4.329738415598109 0
392 4.266401376077066 4.566644161642711 0
393 4.147367380317251 4.616590809443293 0
394 4.270892655037055 4.700984338978865 0
395 4.146646594250768 4.743895735253835 0
396 4.231283245262577 4.813763555391638 0
397 4.134359774634156 4.857910505530008 0
398 4.221088751441162 4.917580540656187 0
399 4.125224886839782 4.965280801428349 0
400 4.215344031036987 5.026766890655387 0
401 4.116802597857139 5.072122038920905 0
402 4.202697654142802 5.128435868609772 0
403 4.107589448939914 5.179637264446257 0
404 4.213957647868008 5.23835694035009 0
405 4.097470441374668 5.292994308413443 0
406 4.193486770014712 5.355484769001405 0
407 4.081644147081137 5.418864006772534 0
408 4.295193147141424 5.314324223755758 0
409 4.283683569363212 5.412680997305102 0
410 4.367235960633804 5.360761214946177 0
411 4.38116790308198 5.454379278263857 0
412 4.284579455223023 5.516331164232724 0
413 4.378841021694443 5.562154508357097 0
414 4.468435606486028 5.503595461276955 0
415 4.469644414172285 5.605971054936643 0
416 4.543322966727798 5.557606627310868 0
417 4.553500475674316 5.648977841557223 0
418 4.627732477842415 5.59012311961536 0
419 4.638989304503857 5.688674319618357 0
420 4.712101505748283 5.642312179674033 0
421 4.724516140064726 5.73554701739665 0
422 4.810103039396308 5.665245463520708 0
423 4.815745204731718 5.781941376207193 0
424 4.896320649654279 5.724850416281373 0
425 4.637039744198685 5.797521999676681 0
426 4.912159943911014 5.83347054267769 0
427 5.008405938349563 5.745838390951601 0
428 4.360140883173417 4.630921849300055 0
429 4.586689096644264 4.683309966707073 0
430 4.564591063686038 4.721150486030294 0
431 4.803822351320183 5.913521008459948 0
432 4.377541825517469 5.28239725608868 0
433 4.276366261686547 5.083065519157675 0
434 4.306621013241628 4.870002472284383 0
435 4.002766546564993 5.100393989738814 0
436 5.01903681918195 5.888507691454469 0
437 5.12126182171184 5.818783720818336 0
438 3.989051384795964 4.551180203060183 0
439 4.439043613834735 5.310854481941765 0
440 4.47036644478384 5.707575702885188 0
441 4.544067533326411 5.474430983640927 0
442 4.304621349993248 5.631575918255728 0
443 5.116840404730187 5.717979541495792 0
444 5.216836898442486 5.738597137230532 0
445 5.241125180700887 5.874351877580978 0
446 5.350574700255942 5.786384307814941 0
447 5.305496165511864 5.674762690611004 0
448 5.242236995331565 5.453502001203481 0
449 5.426488457256801 5.681241951435735 0
450 5.430296804928778 5.562513792400716 0
451 5.525124622031093 5.60388945940285 0
452 5.507943593515006 5.509216689411192 0
453 5.604972425373825 5.529196458525488 0
454 5.559875089691728 5.416270886772756 0
455 5.678015810922734 5.44911432186607 0
456 5.65155275379668 5.34894229137234 0
457 5.763416199982744 5.371636937801224 0
458 5.735153184645605 5.273062117364042 0
459 5.855982326225977 5.284675247968229 0
460 5.802703909192362 5.165502487553013 0
461 4.442678838902071 5.247314599408187 0
462 4.391911857793844 5.219812633892454 0
463 5.713978029597446 5.120235798610262 0
464 5.762902941071213 5.044295498764693 0
465 5.940399862408548 5.036912025834621 0
466 5.684780032527707 5.007154433044373 0
467 5.727702576174444 4.940205623648299 0
468 5.657584123190418 4.90850804948245 0
469 5.696419797334276 4.846642187002808 0
470 5.517037631981967 5.847032182561168 0
471 4.441393795270447 5.196653275139374 0
472 4.406532895641458 5.168071459358157 0
473 4.511393933111004 5.169351114837877 0
474 4.896564663692396 5.644601014086555 0
475 5.611612674321095 4.806983909227164 0
476 4.493378219115666 5.295342147346665 0
477 4.486676291888118 5.342158577903561 0
478 4.544128815885976 5.243668223714171 0
479 4.705710781662562 5.560592455906811 0
480 5.572991322259814 5.324508042350287 0
481 5.487511399538821 5.390458745356149 0
482 5.421009379623179 5.445916088724473 0
483 4.352482335479281 5.172259856890632 0
484 5.305257911729216 5.542096324274556 0
485 5.903115388367934 5.421350051036478 0
486 4.020184378526532 4.917635799424209 0
487 6.025095625647865 5.313241281697878 0
488 5.67792159383269 4.753136046189915 0
489 5.592597851230826 4.737830560081937 0
490 3.967664513923466 5.349491515431112 0
491 3.956940272456696 5.484522160615471 0
492 5.605208448862843 5.094033644852487 0
493 4.81318391939207 5.595104823433021 0
494 4.64448182641554 5.519275537472394 0
495 4.348304326201423 4.758071961771797 0
496 4.424350691768566 4.706589520537106 0
497 5.567383509495728 4.885816913752617 0
498 5.638146846894595 5.639086865696269 0
499 5.50663103420208 4.907556023406446 0
500 6.075024019488897 5.48158407160768 0
501 5.59166389286643 4.97911403667036 0
502 5.522155271989248 4.989904617581134 0
503 7.381043635751208 3.372917082711045 0
504 4.293073823690763 4.96095247380389 0
505 4.368470320104813 4.931570380593699 0
506 4.378948788896514 4.864844740795433 0
507 4.422215005186211 4.900568693868562 0
508 4.49137295614302 4.888527494609233 0
509 4.432690975815245 4.850156038924887 0
510 4.417954751296518 4.949956324157814 0
511 5.171695076246984 4.317790175858376 0
512 5.031326177552848 4.29176102453823 0
513 5.000185012782646 4.181409647450995 0
514 4.942141610232787 4.282109582760965 0
515 5.091295101853639 4.392415587190055 0
516 4.489858709733989 5.239084842144118 0
517 5.480998594216058 5.320285365227553 0
518 4.693683414480494 5.490521897555224 0
519 4.684748515096078 5.416716394086325 0
520 4.648576573685524 5.468164861794136 0
521 4.744269232774153 5.510239256793044 0
522 4.811602683794592 5.481351421652147 0
523 4.864518731133128 5.561254920082971 0
524 4.926862000964201 5.51206864645427 0
525 4.532564285258589 5.313056051782372 0
526 4.58750627363312 5.312110966824884 0
527 4.528989237924034 5.360488066587987 0
528 4.490800798273835 5.3958636314315 0
529 5.002542951585683 5.662219525382587 0
530 5.08124049444009 5.609578705157958 0
531 5.609354184433092 5.206561001400104 0
532 8.240734835780021 3.848217626429089 0
533 4.547979668124557 4.409547984990532 0
534 4.66031841654021 4.378875841974454 0
535 4.631232309400665 4.478019721823244 0
536 4.698973473218942 4.312870627239669 0
537 4.767813254361277 4.372365611872196 0
538 4.721703438239307 4.453806916145906 0
539 4.790675859132377 4.289257267346982 0
540 6.317320841996976 4.791113785312789 0
541 4.452235346915526 5.149655459742824 0
542 4.41879575187848 5.122625095482913 0
543 4.460599534274886 5.10970742731264 0
544 4.434365878250532 5.080700565147952 0
545 5.801271488514414 4.869245824053967 0
546 3.674154074916094 5.154985233627452 0
547 7.589011277446574 5.861249437865963 0
548 8.158581844216911 6.073710195526385 0
549 7.709281083116769 6.485040750990882 0
550 8.651393369812016 5.670254605827173 0
551 4.3630489502968 4.997699141728957 0
552 4.907104407026195 8.787033084417997 0
553 4.387011274796158 5.093854577156043 0
554 6.512915856352835 1.949699566382686 0
555 5.545328341861767 4.795476503999091 0
556 5.480524403837917 4.81261601528182 0
557 5.519160315329361 4.735207694586075 0
558 5.548250501197835 4.679409765245988 0
559 5.445953354372031 4.738622217010034 0
560 5.477176748627435 4.66882401428711 0
561 5.518951042341536 4.618982915042694 0
562 5.452867147301482 4.618979270437443 0
563 5.405385390223086 4.669490965145322 0
564 4.985875180133703 4.372244656837523 0
565 4.904827517310527 4.37306481790464 0
566 4.945892655167301 4.423237756846039 0
567 4.908897007785049 4.487223590365512 0
568 4.863622343781781 4.422163130055925 0
569 4.344523392401772 8.439061655988386 0
570 4.07573672906082 5.556262639767958 0
571 3.941670436761118 5.649802077045115 0
572 4.098334720625259 5.729988785598469 0
573 3.60871255045329 5.610940973932582 0
574 4.865023305599709 7.306564877017051 0
575 4.508830914316851 7.545829676242286 0
576 4.121403691556447 7.335359761482673 0
577 4.987855414813822 4.432537620052267 0
578 8.454845942988502 6.733741988258477 0
579 7.800482987715012 7.14114084040563 0
580 8.417835194865006 7.396417404651569 0
581 7.690816392952827 7.86158130845789 0
582 7.267741217291309 6.894406916693912 0
583 5.480633123495067 4.571145075781331 0
584 5.423747477188719 4.566003156818161 0
585 5.347223357493009 4.60582337178693 0
586 3.763230506325669 4.582281634308369 0
587 0.7344459324835977 5.504227721297429 0
588 0.8608509991983158 4.635636766567877 0
589 1.527669239883028 4.072769108851424 0
590 2.355917732254917 5.493681846256991 0
591 2.022466807025699 5.09317222666725 0
592 4.395023375655041 4.810503347657492 0
593 4.444735352707934 4.804239811647614 0
594 4.526416126857794 4.792850163110683 0
595 4.476739428424804 6.179081684539885 0
596 4.381939901054946 5.908919987930136 0
597 4.828854460772943 6.294177261725546 0
598 5.06052446927105 6.142172192588717 0
599 5.269777017244334 6.218724087112303 0
600 5.649428109538796 4.662989112285839 0
601 5.753404696599238 4.666922509201104 0
602 2.837490256356576 6.950564760843818 0
603 2.821953866262631 7.626573433875267 0
604 2.249261710726603 8.017906938529141 0
605 3.328660923307827 7.327652442595405 0
606 3.4350812028281 7.898215344217412 0
607 5.716697415051989 5.966068582978773 0
608 4.521630924760823 5.282129950078374 0
609 4.855025959610415 4.177618337706798 0
610 4.955689062359564 4.064234220808037 0
611 7.387051603630114 0.87735066510423 0
612 0.8426351740881264 2.50464154876585 0
613 1.659034324648955 2.046976084097591 0
614 1.780488587896841 1.141966804219265 0
615 2.454442089360973 1.689786174990931 0
616 2.383346977553531 2.465469526416673 0
617 3.055115928173447 2.163426975074367 0
618 2.995227379350921 2.766362527817182 0
619 2.45099896596701 3.164643974005501 0
620 3.629853176633496 2.551427934977704 0
621 3.691949342712721 1.931323638038853 0
622 4.198903789009146 2.270590802238779 0
623 4.282106430920246 1.687856491312362 0
624 4.730391360284496 2.045796013962053 0
625 4.85520428695648 1.461840757405245 0
626 1.659997687307012 2.873785557174705 0
627 5.633803411192112 0.7239230347883089 0
628 4.449177816808189 4.931366374955378 0
629 4.453101124350651 4.969037259911386 0
630 4.426014898902582 4.983651351636734 0
631 4.037526326748538 7.894343998789695 0
632 2.821795182780426 5.420441051537545 0
633 2.588547173195533 5.040111821831021 0
634 2.303136159849478 4.628816183868766 0
635 4.334899135630406 1.07720011832382 0
636 7.487548539622017 9.20595497814352 0
637 7.167235241177277 8.486678348527239 0
638 2.576406261002917 9.254492229599023 0
639 5.544137654233788 4.536354958403602 0
640 3.147466402536426 6.533549130548719 0
641 4.639413194634097 4.206614386889067 0
642 4.729313595430951 5.473859817126915 0
643 4.397861387597586 5.048935521968769 0
644 4.44289987863844 5.03975841883202 0
645 4.758582981193294 5.559691836928394 0
646 4.789956362648595 5.523813198801135 0
647 5.250923275261575 1.93378044698145 0
648 4.464230714707019 4.899207059790827 0
649 4.471907933625307 4.832939231625565 0
650 4.481386556060832 4.796212705204725 0
651 4.462878160200381 4.765979820987233 0
652 4.503152804003925 4.765977727231525 0
653 4.481986985518265 4.730415686904861 0
654 4.415385283035755 4.757483986616647 0
655 9.31083523442717 4.390176259816449 0
656 4.517889025080997 4.731789617707318 0
657 4.500919377687259 4.697036050815478 0
658 5.20479227893303 5.635162149232065 0
659 7.101993346585724 3.887244313237553 0
660 5.469045689697663 6.079526916567287 0
661 4.682080243949055 5.447533423978928 0
662 4.652917918297809 5.427550703515247 0
663 4.615720070322546 5.440095368524371 0
664 4.625481594833936 5.404319487622334 0
665 4.587977026623705 5.406717189564258 0
666 4.631634625281118 5.376920706019525 0
667 4.603487433898164 5.479789152347202 0
668 4.560457029308756 5.340034182366024 0
669 4.221119988685017 9.16149100583484 0
670 3.922523959204285 5.877041847306216 0
671 4.831989463346535 4.365606648010067 0
672 4.811801443904447 4.420773384262327 0
673 4.843763288895713 4.460467689299574 0
674 4.800719248822381 4.474653409372997 0
675 9.163265458730088 2.546442705979515 0
676 5.64869561908916 9.171007621172377 0
677 8.457279890596533 1.810347985442352 0
678 5.786258119120071 3.590091380957284 0
679 1.615403720116994 9.125188253412613 0
680 4.473272935980291 5.176094397731644 0
681 3.910597908017296 4.716697744310055 0
682 3.864047499841812 4.386385996598261 0
683 7.272024295840088 7.433687450446607 0
684 4.422432082119098 4.075794594332377 0
685 6.254984581890976 3.581522037339989 0
686 4.533169953585531 4.698626575865792 0
687 4.522875544664942 4.662756705647353 0
688 4.479836001486189 4.65707059426059 0
689 4.508046859869916 4.618780814638145 0
690 4.558447382971784 4.630615729895961 0
691 4.540193392213452 4.580302406963779 0
692 4.59541939742709 4.591723948069784 0
693 4.655473452526507 4.613724723765284 0
694 4.438372912995555 4.605676343201366 0
695 4.573788817316868 4.54207682058808 0
696 4.621794293843979 4.552872453876492 0
697 4.502103072042533 4.525449752434605 0
698 2.676371994563061 0.8401213679944943 0
699 8.485829990412581 9.112153541221135 0
700 5.405695371161799 4.608060372307805 0
701 5.371114626983287 4.575670892993968 0
702 5.38026186467903 4.522548460584561 0
703 5.33543691162387 4.536648377948938 0
704 5.279334021742878 4.561920785923149 0
705 5.340382703636991 4.48564579886755 0
706 5.291465727414968 4.50727516257033 0
707 5.29910613716426 4.447088596303757 0
708 5.243866029049065 4.47421123789472 0
709 5.207333353804033 4.525702769289586 0
710 5.249998299317271 4.408044034978001 0
711 5.199486962867979 4.437514870996083 0
712 5.405230666856039 4.45694037846979 0
713 4.54090780014038 5.412747992677406 0
714 4.475397889211218 4.925540063665975 0
715 4.470178742061585 4.867168919335086 0
716 5.200369463632393 4.480928532501681 0
717 5.15700231491683 4.460780026934218 0
718 5.147173375159742 4.39396738719839 0
719 5.109591169737898 4.443960844154771 0
720 5.051183364871433 4.486977944632289 0
721 5.067161339974486 4.428432118264931 0
722 4.884386932643905 4.461171841658095 0
723 4.559642176333766 4.676454585623308 0
724 4.587231885391192 4.658745731066743 0
725 5.324689976798286 3.920603205048119 0
726 5.440927818999 4.662759571346588 0
727 4.485235919682882 5.050772024769433 0
728 4.463785408514048 5.062034657936181 0
729 4.487364012559706 5.092455339980166 0
730 1.409830337180988 5.206693062952863 0
731 4.554203272540656 5.261295056184704 0
732 6.10167530895905 1.338749557227068 0
733 4.284249316310031 5.161371705468314 0
734 4.48140259336674 4.96586073518535 0
735 4.343688709928188 4.819436668154017 0
736 4.511416531575506 4.830578794541553 0
737 4.452501653027781 5.001448526540077 0
738 7.983917435457945 3.247660997701867 0
739 4.792150261906471 5.474858008357455 0
740 4.774465820607568 5.49186206136603 0
741 4.753604396460074 5.457929772011219 0
742 4.532211297075315 4.772166735773539 0
743 4.534301417535584 5.225907313955069 0
744 4.520988643701203 5.244068475907789 0
745 4.848624938682415 5.495991171291822 0
746 4.85400699752268 5.522689079265069 0
747 4.823248150427077 5.507341100830058 0
748 4.830821323718789 5.542394374747313 0
749 4.881604368088643 5.527402041666716 0
750 4.904850006266676 5.552437045821177 0
751 4.891315371566925 5.506214153515464 0
752 4.492995611593258 5.111558017365299 0
753 4.612142504856569 4.657056785557326 0
754 4.600824617828257 4.632485197970499 0
755 4.626023816513896 4.61578724730137 0
756 4.643185862646711 4.630107137017945 0
757 4.639388668134178 4.589481326042645 0
758 4.661078967506564 4.567169070932138 0
759 4.719165070364003 4.565429732962313 0
760 4.483192742204857 5.030477718539736 0
761 4.477981954349444 4.987833897198167 0
762 4.504627087987391 5.150260649172729 0
763 4.517827014151103 5.188754792646648 0
764 4.503417794151178 5.206559632798587 0
765 4.774515974362281 4.53316532670105 0
766 4.755806257828461 4.51572226879146 0
767 4.732128711382909 4.530284316969922 0
768 4.785305072532736 4.506571493111448 0
769 4.724550853687757 4.495993003143409 0
770 4.698587749919458 4.522565243350304 0
771 4.758497655888273 4.479355151254737 0
772 4.499259139422976 4.869110828985811 0
773 4.989835536115173 5.517605367908851 0
774 4.974553885255769 5.542262792295902 0
775 5.009397100234851 5.539102358412086 0
776 4.989981634239222 5.576115470398108 0
777 4.950286558367001 5.536056871601459 0
778 5.024410264499031 5.569879048130161 0
779 4.947641904015094 5.515056946928695 0
780 4.518677367801898 4.811617462178877 0
781 4.599755238288367 5.328655050436529 0
782 4.587554348282183 5.346921596760053 0
783 4.575279772043368 5.295984777846495 0
784 4.601555587684375 4.672532103080439 0
785 5.512926512376714 4.928187489923558 0
786 5.536441299614285 4.933900229907058 0
787 5.537267241056219 4.965301987387453 0
788 5.516040968733112 5.051838267657937 0
789 5.541104029480566 5.043950217234194 0
790 5.538971944605813 5.01423113908873 0
791 5.569971593927068 5.019050841025172 0
792 5.534228657396961 5.073272030620029 0
793 4.553357956902889 4.738218567092663 0
794 4.575928836679462 4.704438858748338 0
795 5.207469738483029 5.47431523355987 0
796 5.206052847099072 5.500631253451307 0
797 5.151383702831287 5.491773032936759 0
798 5.231321569484843 5.490769488378977 0
799 5.229931167335559 5.523218587636508 0
800 5.193222159935906 5.532804061666959 0
801 5.225486741437476 5.566437654442541 0
802 5.169889486745381 5.488885825781232 0
803 5.131669308397795 5.500749075835991 0
804 5.12947541253302 5.52558932591532 0
805 5.097554033782028 5.528112957632564 0
806 5.105413579099833 5.56089413807188 0
807 5.091005260181543 5.506013929656057 0
808 5.153799475015371 5.549924290670426 0
809 5.142569221188048 5.594769629442204 0
810 4.849718124895952 4.504587049686785 0
811 4.738218567092659 5.446642043097118 0
812 4.704269173169784 5.429476227789136 0
813 5.686553563776099 3.884633827533855 0
814 4.793119458146547 4.526958594894549 0
815 5.091063680195301 4.4899575885199 0
816 5.13070630275672 4.498673755467924 0
817 4.906637217029547 5.524703068615649 0
818 4.946343341124166 5.563524533005467 0
819 4.960801116806539 5.616038221091274 0
820 2.958621795507847 8.482049084986771 0
821 4.67207773499651 5.399574433591975 0
822 5.12635460955528 4.476237926357948 0
823 5.507362428396888 4.775912940625428 0
824 9.179973074581101 7.391124049588582 0
825 3.188105345842339 1.486739528557183 0
826 6.280314854087099 7.232968478562732 0
827 5.343890320837412 5.388518704200956 0
828 5.371050742453223 5.395755123225944 0
829 5.386547808048165 5.347826550379141 0
830 5.343179874112836 5.416330021560744 0
831 5.386674306289511 5.371682066785581 0
832 5.381030030678684 5.429132160593158 0
833 5.348142925736475 5.455726659999419 0
834 5.37257853616834 5.358365712890393 0
835 5.412835718320967 5.359855370965233 0
836 5.416148381088113 5.3948563952085 0
837 5.265490140651725 5.503356840745251 0
838 4.988751875290622 4.484435577480443 0
839 5.030430724378118 4.483989621399612 0
840 5.01541743800343 4.457157809187754 0
841 5.456575189255439 5.244044524531414 0
842 5.475592126204255 5.211554293915974 0
843 5.470247382649198 5.264344020630147 0
844 5.482182743945515 5.234510604066197 0
845 5.504561094397623 5.214435532129499 0
846 5.51033710936494 5.252506774904306 0
847 5.546463334472721 5.205588933978215 0
848 5.563716662338594 5.260548671663019 0
849 5.583708467522682 5.154127111239422 0
850 5.498744302701862 5.128139045215341 0
851 5.536391260127749 5.158844737453308 0
852 5.554886473016936 5.111255163817106 0
853 5.454044448979515 5.28973109298133 0
854 5.433224770476256 5.277140884092963 0
855 4.830674829180051 5.487939478066333 0
856 5.313441447649931 5.412774337519445 0
857 5.278815519299156 5.437667130249094 0
858 5.296086226883161 5.449266598891687 0
859 5.276468339477535 5.465421951194008 0
860 5.30916571062011 5.479136774125558 0
861 5.366677909312839 5.514682925356535 0
862 4.940727310344766 5.669716008735819 0
863 4.735677785432412 4.554093284842792 0
864 5.009868052500753 5.514625900449452 0
865 5.512032123772953 5.070822624378588 0
866 4.829952787876454 4.510665219254683 0
867 5.480487453698119 4.789067306775942 0
868 5.458114702633546 4.75568031506586 0
869 5.475142904413631 4.734009218317955 0
870 5.454732663192516 4.709531513384803 0
871 5.424071163320538 5.295561141251662 0
872 5.4418722980305 5.318541105444545 0
873 5.453814035389207 5.352943028844592 0
874 3.816665264804834 5.273445410774954 0
875 5.327048425346049 4.600303930245027 0
876 5.33139000034748 4.576487087801468 0
877 4.668268639348511 4.596730245458472 0
878 4.691495568575547 4.55564422157656 0
879 4.704438860823633 4.57592883539002 0
880 5.226271438472751 4.533486603745306 0
881 5.251570762742213 4.517251619732445 0
882 5.150024098611337 4.504350424289984 0
883 5.185153988242757 4.516708798062636 0
884 5.261377782990031 5.445953354371992 0
885 4.341071374920809 5.054458107828157 0
886 5.074589302461556 5.51425867314758 0
887 5.072671827033282 5.539620365295621 0
888 5.32695652790304 5.398096902616476 0
889 5.464263845647979 5.225602537354741 0
890 1.852961520793545 3.531447903252483 0
891 2.459786104808276 3.773927447061347 0
892 4.969627832842956 4.481160768159127 0
893 4.960315338122156 4.456959714767237 0
894 4.927096106609255 4.464842467656756 0
895 5.03047771853976 5.516807257795529 0
896 5.06991267242638 4.485193417021675 0
897 5.083249788498824 4.46344362189808 0
898 5.22631068612759 5.465188668084299 0
899 4.319393255535693 5.234000413958428 0
900 5.415928867439918 4.686649539459895 0
901 5.433362414266204 4.722711638727576 0
902 4.885461232221152 4.491454306920636 0
903 5.516807257795159 4.969522281460263 0
904 5.516507864112045 5.010272850516859 0
905 5.388632563955889 4.654990454903889 0
906 5.416710759536969 4.644095390736197 0
907 5.375093350776714 4.615479811383475 0
908 5.358363749621015 4.627413510681799 0
909 5.381749914741166 5.937245103599314 0
910 5.505676737437709 4.88905104606437 0
911 5.506175987871192 5.110739658019591 0
912 5.26166096132301 4.555316639316814 0
913 5.295561141251663 4.575928836679463 0
914 4.929068004120059 4.487177140614039 0
915 3.862876065214259 5.122430776898728 0
916 5.399574433591975 5.32792226500349 0
917 5.491055725225207 4.828806344188689 0
918 5.519399678627789 4.830131148164461 0
919 5.52311452663514 4.862897046902538 0
920 5.559591253584989 4.841519632646558 0
921 4.863635822203349 6.067884704354661 0
922 6.201005363232593 5.361692781440338 0
923 6.151011456650314 5.149611714157007 0
924 7.151572286580536 5.513861529175776 0
925 9.195264478052177 5.148421211046081 0
926 4.569062632305739 5.372269503371623 0
927 9.264431554139424 1.499098249522587 0
928 5.500931043601822 4.869283808036601 0
929 5.159222586884052 5.513073062163889 0
930 5.127874760599204 5.958260103595089 0
931 2.800850711520599 3.516293212923071 0
932 2.580768877049821 4.25401165306988 0
933 4.433856063466152 5.381005999196407 0
934 4.454984602004384 5.439485257951047 0
935 4.367574928961016 4.553730185670499 0
936 5.255083313226218 4.328398465764042 0
937 1.560310875466578 7.748505040119302 0
938 5.302155076051827 4.548560321519107 0
939 4.556714238411341 5.296348971452577 0
940 7.219885734615812 1.677921168471105 0
941 5.529822241224161 4.90085131670856 0
942 3.673837706796236 8.508027280553879 0
943 4.483133200755919 5.148571257685215 0
944 6.772148554779886 3.456910076610099 0
945 5.452907800549541 4.508344448240658 0
946 5.41677574708311 4.366744041925445 0
947 5.5996085826282 4.430118142443989 0
948 1.712689403195728 4.637996282498276 0
949 6.017352861290293 8.674022431185701 0
950 5.387811231173568 5.469240243094522 0
951 5.042031573317244 5.543615992396924 0
952 6.282749135209823 3.972837626685357 0
953 5.824188391937292 4.538354698004746 0
954 5.044603153052533 4.37632875567291 0
955 4.633034774460631 2.570862796768176 0
956 4.210125611783534 2.790393575646226 0
957 4.181266293725153 5.470567005847081 0
958 5.521404174142619 5.127172775122953 0
959 6.121003785090219 2.322839256461612 0
960 5.202123034163195 4.37841881972584 0
961 6.58323694668143 6.322338638340816 0
962 4.833791419204429 4.48733792258709 0
963 4.380998916596639 5.132494535604154 0
964 6.109684206588278 6.815049088067693 0
965 4.184423556257162 6.958014150108316 0
966 3.789321334345244 7.060281555253228 0
967 8.480055079259055 5.107861578593348 0
968 7.855032420861287 1.472501227667241 0
969 9.317169931121221 5.816973271612566 0
970 5.482094776883738 5.188688259857393 0
971 5.508436185025137 5.181387043012919 0
972 2.958580728063594 4.334145226910713 0
973 2.731598768753773 4.619074945410101 0
974 5.56310370034404 4.950168236168878 0
975 4.606808254269836 5.371044994967191 0
976 3.476054898473261 6.502815140015308 0
977 3.422564397524224 6.868911776395371 0
978 3.896319257700176 4.867755658236971 0
979 3.784559601409855 5.527305991217339 0
980 6.794870836470652 7.230150208382047 0
981 5.499447117561519 5.150718826225951 0
982 4.033235278138575 5.011215735783347 0
983 4.620764576588325 2.991647241304824 0
984 5.084179003960575 4.054898471375822 0
985 4.762319828096532 4.433763911646008 0
986 2.072835217596646 4.149828096433696 0
987 5.317464852965736 2.74496985901041 0
988 5.088150501936918 2.428518869763864 0
989 4.628282926649687 5.35811214541229 0
990 4.025065576012029 4.796934917170661 0
991 4.043745768678662 4.685059881847606 0
992 5.120795333303922 7.039517624633894 0
993 7.306588581185663 4.369693077778251 0
994 6.280189023773043 5.577615229553149 0
995 8.51753550571204 8.118153130548922 0
996 7.89895131989625 8.564223449892129 0
997 4.655108214731295 4.52483915293706 0
998 6.816735142986272 6.623577554903177 0
999 4.085822066291601 5.921741555933064 0
1000 4.226611129524401 5.844296399375182 0
1001 4.341608774416402 5.752495226558334 0
1002 7.167640494400354 5.91026632294872 0
1003 2.966907518416436 5.156158115911538 0
1004 4.490954667827716 4.910280881806594 0
1005 3.975838713470355 5.219732210950552 0
1006 4.03267090337827 4.388365845516183 0
1007 4.393016401012043 5.651954482198598 0
1008 4.361098763360618 3.165588278103645 0
1009 4.798284655876861 5.495845158201365 0
1010 5.676384204017278 5.77449153758516 0
1011 7.660925900647812 3.858911848345674 0
1012 3.427882757687824 3.034681401965909 0
1013 6.482499666972096 8.325911918426026 0
1014 4.709404797050915 5.456545846201968 0
1015 5.955038636025012 5.189988551442148 0
1016 6.145630274426713 4.935409269151672 0
1017 5.434311655314855 5.495472084265284 0
1018 5.73805177069588 4.39659910906217 0
1019 4.739861905041296 4.213033032015748 0
1020 4.474670561874228 5.20839493080461 0
1021 4.42470546692077 4.662854499958194 0
1022 3.71896342524385 3.309046128674956 0
1023 5.556636352436348 5.709148399336237 0
1024 5.794378889895619 5.502202204477502 0
1025 5.92877664537035 5.578983942743378 0
1026 5.782681215940232 5.63832484053704 0
1027 5.527024184617386 4.318335186679217 0
1028 3.764283892349452 4.981832302742685 0
1029 4.685180205095868 4.485412539571841 0
1030 5.165473063336232 3.917974360026661 0
1031 5.240826627856602 3.752502989918054 0
1032 6.108346467306666 4.722798925772716 0
1033 5.930920185580566 4.853882081058462 0
1034 4.56535112087416 5.314682132913625 0
1035 4.67231316599368 6.1486343900885 0
1036 5.490888048424051 3.959188509749108 0
1037 5.506769005083291 4.80467353033903 0
1038 4.864932081926528 4.29753133074589 0
1039 4.466758629387853 5.085030717045285 0
1040 1.705936898705519 8.420498660716145 0
1041 5.348994001226039 4.4297851928449 0
1042 4.987315092162032 3.931714715629732 0
1043 5.842007291289353 4.954023056960656 0
1044 4.726076741659382 5.831632924507835 0
1045 4.662263114642289 5.905140853666305 0
1046 5.517642963933907 5.294445281584592 0
1047 4.582776537189478 4.080839019576193 0
1048 3.826451239878637 1.381071095286361 0
1049 8.636357831727382 3.218285790024736 0
1050 3.807679501865438 2.983261124147161 0
1051 6.357209353731861 5.059470127727028 0
1052 4.465161566532051 5.024927021217239 0
1053 5.172650822830149 4.495220276726537 0
1054 5.70373409228032 5.552731536880005 0
1055 4.484010970326415 4.576417388104361 0
1056 4.484161883624007 4.442550379395827 0
1057 4.443686421130628 4.549194648496504 0
1058 3.730319813474782 5.787637689240591 0
1059 4.92241128185087 5.94501455428863 0
1060 4.514870212020438 5.22463503831035 0
1061 5.61825095718859 5.029227502559121 0
1062 4.905165111102554 4.428896002824291 0
1063 4.544283395355095 5.749718223540293 0
1064 4.533596313827973 5.863613818841739 0
1065 9.291536340914565 0.7097826556146229 0
1066 3.727166279228037 7.536415338243936 0
1067 4.940680825711025 0.8322075952623277 0
1068 5.258349505375717 6.035046713507281 0
1069 1.058724697465083 0.7612281425641807 0
1070 5.55569550291769 4.987178477699004 0
1071 9.267949192430168 9.267949192429763 0
1072 0.7320508075688767 9.26794919243112 0
1073 7.296132151003505 6.294738529487943 0
1074 5.183973975301967 5.575819557090839 0
1075 4.52261275286054 4.755856056848534 0
1076 4.505014382718777 5.263845650515806 0
1077 5.052611656328981 4.460083540395939 0
1078 4.466712685315662 5.042663672784763 0
1079 4.297780888326381 5.024588426634813 0
1080 5.222333407945676 4.506276377108932 0
1081 4.479282323195733 5.126751986116946 0
1082 5.451011656725382 6.272004897944099 0
1083 4.71485701326164 4.546279210706654 0
1084 4.33902713135051 5.10952066430958 0
1085 4.909548089804041 5.50665959323805 0
1086 3.042145988962424 4.609955790004493 0
1087 4.754191737271382 5.479757137962139 0
1088 6.012078245591501 4.51340423877058 0
1089 3.837797820871355 5.403886096501072 0
1090 6.095381209991448 5.644717319585451 0
1091 4.577835813070448 5.444398846609094 0
1092 5.128083380104183 5.64931133497458 0
1093 3.929944236415665 5.000210710470792 0
1094 3.76473800513796 4.200464014810879 0
1095 5.570608359978827 5.061798233351351 0
1096 4.462168788751452 4.696731423240127 0
1097 5.794966909740229 4.779256769672797 0
1098 4.580124802077317 5.328480785860222 0
1099 5.483923021690559 4.760649297162002 0
1100 4.563334436701519 4.47973303608636 0
1101 5.484916612962701 5.290528577055801 0
1102 4.978540619285627 7.709374043577128 0
1103 5.526729519665526 5.103600897181993 0
1104 4.987266714036578 4.462907243165572 0
1105 4.494693683905965 4.836717569914977 0
1106 5.584706604683936 4.617668769849768 0
1107 5.250534252343881 5.470698717329668 0
1108 4.003138100575381 6.740409690339932 0
1109 5.391749248391768 4.632872878549716 0
1110 4.297243306684285 4.787107386523158 0
1111 4.927383840852205 5.53489409549181 0
1112 4.49539366180772 5.18571427395309 0
1113 4.739487729913407 6.011992772110202 0
1114 5.322101954886996 5.438199924145778 0
1115 4.793920541014009 5.564535284138382 0
1116 4.447328859442514 4.87927517797984 0
1117 5.480745225428413 5.441950308603896 0
1118 4.499892813816425 7.980659574498099 0
1119 0.8136364107164461 4.052101468854818 0
1120 4.764606468750849 5.606283471079768 0
1121 6.735671024008146 1.337953597998726 0
1122 4.651526348653952 5.405581296278449 0
1123 4.54455760199987 5.279095459576908 0
1124 5.557802440580176 4.916827358940013 0
1125 5.598281793440608 4.921180916056349 0
1126 5.614723178596595 4.870190074773213 0
1127 6.892641739104066 7.895153985642713 0
1128 5.10185453258241 4.330106725926397 0
1129 5.259651548919923 5.546940172194385 0
1130 5.273407654499143 5.596081887797845 0
1131 4.9054202168225 5.590731417201538 0
1132 4.492256039061752 4.929067437178708 0
1133 5.026425348380409 5.61090078566351 0
1134 4.412149089318197 5.007784800116277 0
1135 5.494892626552155 4.705396441164386 0
1136 5.637043657002144 5.268428105218103 0
1137 4.195480444681479 5.605851763942162 0
1138 4.487666696042287 4.852291196024677 0
1139 4.835103817065764 3.992119052527938 0
1140 5.059968060230473 5.574180771197874 0
1141 8.788045458156871 3.987249049191826 0
1142 5.025587363717825 4.421130750068553 0
1143 4.39553907783013 4.974441954030814 0
1144 5.668095203891147 5.071316941850079 0
1145 1.301243759223047 5.801515277750714 0
1146 4.502319609999929 5.440843508479389 0
1147 5.062859885773093 5.663878928090287 0
1148 5.644973028141047 5.140536834185196 0
1149 2.221126077211976 8.66002703344874 0
1150 5.351270817206439 5.595229928646065 0
1151 4.612801688267427 4.418861033417304 0
1152 5.273956802877144 4.537368734941158 0
1153 5.423722200900455 5.335318651050222 0
1154 4.493564163928465 5.165998338676111 0
1155 4.47446682845188 5.266508823827741 0
1156 4.469170313308602 4.947420653194061 0
1157 5.18340708175368 5.503544978624402 0
1158 5.010440217238509 6.008843683716472 0
1159 4.592618447642066 5.52424508407735 0
1160 4.443549877019649 5.798636877609892 0
1161 4.547494892170031 6.011945120840947 0
1162 5.515011485195251 5.349407814319833 0
1163 4.81340353258987 4.498888683719517 0
1164 5.104274768425526 4.473548711367776 0
1165 4.605971557171875 4.514442402048521 0
1166 8.697854863159398 6.2075917677375 0
1167 3.039438970280031 3.212911485716568 0
1168 5.345357685707839 4.274269354709354 0
1169 4.498215382381306 4.815859944961083 0
1170 6.471187927484845 6.902985967032848 0
1171 4.400041142192718 4.397136034757909 0
1172 4.856455129164891 5.608204448262506 0
1173 4.37225566282663 6.071974030318749 0
1174 5.646377229231366 4.964231760243491 0
1175 5.146565060159267 4.486373690866325 0
1176 5.442926419997485 1.363922488722232 0
1177 4.38585072170371 3.905487350297906 0
1178 4.644703640058368 5.369530121636273 0
1179 5.843169098568872 1.889050498948901 0
1180 8.849013928953774 4.736129226953945 0
1181 4.231906379737649 5.717854033375986 0
1182 5.440572839369831 4.685891926327297 0
1183 4.713383927363505 4.401628996967891 0
1184 5.168663955485367 5.686195461939562 0
1185 4.544967401954991 4.718599935615311 0
1186 4.691452928782915 3.947913171342383 0
1187 4.505569647421151 4.796503600537378 0
1188 6.555979396959881 4.869777585516578 0
1189 4.38215518112247 0.5263286827571471 0
1190 4.531753940267883 5.262350469329625 0
1191 4.555659886447958 4.703854088376609 0
1192 5.68976468460924 5.196627512528888 0
1193 4.372339920974175 4.699315095853243 0
1194 4.670769997484497 4.436100841650106 0
1195 4.861188987415144 4.484403294573212 0
1196 4.446564301999934 4.734479198872258 0
1197 5.20100715880901 4.505511097065376 0